4.650461971759796143e-01
-7.344194650650024414e-01
-8.611734211444854736e-02
4.380627572536468506e-01
-8.375860452651977539e-01
4.545088857412338257e-02
1.737938374280929565e-01
2.476282566785812378e-01
-3.076896369457244873e-01
-2.816306352615356445e-01
1.798788458108901978e-02
6.405175328254699707e-01
2.780352234840393066e-01
2.981201410293579102e-01
-1.187071502208709717e-01
6.749396026134490967e-02
9.728542566299438477e-01
3.533376157283782959e-01
-1.274097859859466553e-01
-1.288467943668365479e-01
-1.553154587745666504e+00
1.540511995553970337e-01
-1.187949478626251221e-01
-3.381964564323425293e-01
-2.441374361515045166e-01
6.881387829780578613e-01
-1.191408932209014893e-02
5.105288028717041016e-01
2.095164358615875244e-02
2.495399266481399536e-01
-6.726603955030441284e-02
6.140888854861259460e-02
1.583126336336135864e-01
9.680112451314926147e-02
1.412490010261535645e-01
-3.281921148300170898e-01
-3.085310459136962891e-01
-1.644197404384613037e-01
-3.441433608531951904e-01
8.632425069808959961e-01
-4.079663455486297607e-01
-1.841257140040397644e-02
3.097581267356872559e-01
-2.446109056472778320e-02
-4.221134185791015625e-01
-7.578064203262329102e-01
-3.269147276878356934e-01
3.263483047485351562e-01
5.090722441673278809e-01
-1.772359162569046021e-01
5.496126413345336914e-01
-5.830781459808349609e-01
1.281359791755676270e-02
3.015951216220855713e-01
-4.854744300246238708e-02
-2.169458754360675812e-02
8.028839528560638428e-02
-1.772022396326065063e-01
3.810590505599975586e-01
-1.465333998203277588e-02
3.583588302135467529e-01
1.058597639203071594e-01
-7.688870280981063843e-02
-5.405964702367782593e-02
5.747318267822265625e-03
-5.895774066448211670e-02
6.269976496696472168e-02
5.705170035362243652e-01
-3.556526452302932739e-02
2.561118453741073608e-02
-2.988705635070800781e-01
-5.286095738410949707e-01
4.891441762447357178e-02
7.734330743551254272e-02
-6.742972880601882935e-02
3.295601606369018555e-01
-4.429508745670318604e-02
-3.807466626167297363e-01
3.820759356021881104e-01
4.602153897285461426e-01
-3.385733440518379211e-02
-5.709534883499145508e-01
4.224801063537597656e-02
-3.799206018447875977e-01
3.082176744937896729e-01
1.556081920862197876e-01
4.571177959442138672e-01
-2.142053544521331787e-01
-4.820676743984222412e-01
-2.124752849340438843e-03
-8.791421353816986084e-02
3.036069273948669434e-01
-3.825006723403930664e+00
-4.273648932576179504e-02
5.261683464050292969e-01
-9.591649472713470459e-02
-7.430252432823181152e-02
2.646288871765136719e-01
-3.409505486488342285e-01
2.494170814752578735e-01
-2.617235779762268066e-01
-6.043773889541625977e-01
-2.591016702353954315e-02
1.712006926536560059e-01
-4.458793997764587402e-01
5.479034185409545898e-01
-6.244465112686157227e-01
-2.914386987686157227e-01
-2.516847848892211914e-01
4.444018006324768066e-01
-4.944624900817871094e-01
8.360621929168701172e-01
-4.088682532310485840e-01
-2.025999426841735840e-01
-3.880608677864074707e-01
9.106338024139404297e-02
-4.700541496276855469e-02
-8.110763132572174072e-02
3.904070854187011719e-01
-2.486377358436584473e-01
3.525747060775756836e-01
1.042948812246322632e-01
2.577367424964904785e-01
3.832108974456787109e-01
4.865567386150360107e-01
-2.681929469108581543e-01
-2.983652651309967041e-01
2.595545649528503418e-01
-2.034898102283477783e-01
-2.094561755657196045e-01
5.358799695968627930e-01
1.027119159698486328e-01
2.947108745574951172e-01
7.343776226043701172e-01
3.433086872100830078e-01
-8.216455578804016113e-02
4.679833650588989258e-01
-1.172786578536033630e-01
2.403350174427032471e-01
2.032264769077301025e-01
4.714611768722534180e-01
-1.236990094184875488e-03
-1.453342139720916748e-01
1.151042506098747253e-01
2.969086766242980957e-01
1.219130232930183411e-01
1.591785699129104614e-01
6.139430999755859375e-01
-2.455451339483261108e-01
1.588888764381408691e-01
-2.383223474025726318e-01
1.812034100294113159e-02
2.117443382740020752e-01
3.205093145370483398e-01
-4.241333901882171631e-02
-9.881322830915451050e-02
2.156953215599060059e-01
2.381078898906707764e-01
-1.345360875129699707e-01
-1.401204466819763184e-01
-1.758773177862167358e-01
5.195336341857910156e-01
-3.520660102367401123e-02
-2.511616647243499756e-01
5.387969315052032471e-02
3.031431436538696289e-01
-5.475571006536483765e-02
-1.996605396270751953e-01
6.894080340862274170e-02
-1.397854238748550415e-01
1.306642889976501465e-01
-4.062300324440002441e-01
7.372643351554870605e-01
-1.497054398059844971e-01
-5.787084996700286865e-02
-2.196274697780609131e-02
5.094121396541595459e-02
-8.098181337118148804e-02
9.359636306762695312e-01
2.934517562389373779e-01
5.611217767000198364e-02
-4.167355597019195557e-01
1.703747808933258057e-01
-5.419078469276428223e-01
1.324617266654968262e-01
6.457153558731079102e-01
2.964802384376525879e-01
-6.663514971733093262e-01
3.016266822814941406e-01
4.981956630945205688e-02
-3.445044755935668945e-01
-5.916119813919067383e-01
4.913493990898132324e-02
-3.388958275318145752e-01
8.305607438087463379e-01
-2.512697279453277588e-01
-1.782342493534088135e-01
-2.389715611934661865e-01
-1.720871180295944214e-01
-1.329675614833831787e-01
4.249362945556640625e-01
1.552863717079162598e-01
2.426617145538330078e-01
1.319090723991394043e-01
3.900732398033142090e-01
1.220050454139709473e-02
1.669102013111114502e-01
9.695089608430862427e-02
-3.480980396270751953e-01
-3.511318266391754150e-01
2.021637409925460815e-01
2.683198153972625732e-01
-3.223939538002014160e-01
3.592915832996368408e-02
-8.303179405629634857e-03
1.533577591180801392e-02
5.018097162246704102e-02
-4.032057523727416992e-01
4.044547080993652344e-01
2.752823233604431152e-01
3.595874905586242676e-01
-1.969665288925170898e-01
-4.796435832977294922e-01
1.140568554401397705e-01
-3.526334464550018311e-01
3.297234475612640381e-01
-1.345522403717041016e-01
-3.919341266155242920e-01
-4.427563250064849854e-01
1.641153693199157715e-01
4.580180048942565918e-01
-6.748530268669128418e-02
5.924162641167640686e-02
6.708949804306030273e-04
4.017101526260375977e-01
6.198965907096862793e-01
9.337818026542663574e-01
1.365341842174530029e-01
-6.168504953384399414e-01
-6.467448472976684570e-01
-1.547106206417083740e-01
5.498497486114501953e-01
1.379845291376113892e-01
-7.659587264060974121e-02
1.491246819496154785e-01
-2.494910359382629395e-02
1.716074049472808838e-01
5.078877806663513184e-01
-4.524795711040496826e-02
-2.656178474426269531e-01
9.613081812858581543e-02
-4.530724287033081055e-01
-7.066439092159271240e-02
1.757305115461349487e-01
2.473443746566772461e-03
3.413999676704406738e-01
4.344424977898597717e-02
-2.305999398231506348e-02
-5.781775116920471191e-01
2.849423885345458984e-02
-2.779203057289123535e-01
3.700868189334869385e-01
5.760639905929565430e-03
2.723218798637390137e-01
-3.647724986076354980e-01
4.653826951980590820e-01
8.449247479438781738e-02
-4.150371849536895752e-01
1.088150888681411743e-01
-2.641369588673114777e-02
5.678216218948364258e-01
-1.483280956745147705e-01
-1.871175616979598999e-01
4.178016483783721924e-01
6.784468889236450195e-02
7.184489369392395020e-01
6.200614571571350098e-01
5.851892381906509399e-02
7.339248061180114746e-02
1.938609480857849121e-01
3.747347295284271240e-01
3.643547892570495605e-01
7.038590312004089355e-02
-1.816893070936203003e-01
-1.198091804981231689e-01
1.416664719581604004e-01
1.430602371692657471e-01
-2.448451071977615356e-01
1.207508966326713562e-01
-1.936337947845458984e-01
6.330255270004272461e-01
6.648837924003601074e-01
-2.300997674465179443e-01
-3.832115232944488525e-01
-2.038072645664215088e-01
-2.189908623695373535e-01
6.461101770401000977e-01
3.658685982227325439e-01
7.142345905303955078e-01
-2.898983359336853027e-01
-7.546202540397644043e-01
-3.381159901618957520e-01
-9.335648268461227417e-02
-2.808106839656829834e-01
-3.110398650169372559e-01
5.433261394500732422e-03
7.966834306716918945e-01
-2.366925776004791260e-02
3.523595631122589111e-02
4.373339414596557617e-01
-3.322908282279968262e-01
-1.122680902481079102e-01
7.339655160903930664e-01
-3.503999114036560059e-01
1.539276093244552612e-01
-9.061783552169799805e-02
3.806682825088500977e-01
4.710781574249267578e-02
-8.965933322906494141e-02
3.224683403968811035e-01
2.096148729324340820e-01
8.513767719268798828e-01
1.964237093925476074e-01
-2.030347883701324463e-01
7.410874590277671814e-03
-4.771724343299865723e-03
2.901071906089782715e-01
1.736487299203872681e-01
-3.351887464523315430e-01
-3.662845492362976074e-01
3.495182394981384277e-01
-2.614594399929046631e-01
2.290522754192352295e-01
-3.403537571430206299e-01
4.760248363018035889e-01
4.174371957778930664e-01
5.767245963215827942e-02
-1.385958492755889893e-01
1.360082626342773438e-01
1.826046705245971680e-01
-4.604529142379760742e-01
-1.293102204799652100e-01
4.694393277168273926e-01
-4.478893280029296875e-01
-4.535399079322814941e-01
1.589986979961395264e-01
3.055717349052429199e-01
1.027116179466247559e-02
-4.070100784301757812e-01
3.735291957855224609e-01
-1.463643312454223633e-01
1.107363402843475342e-01
-1.760378926992416382e-01
-6.597862243652343750e-01
1.566873341798782349e-01
3.662941753864288330e-01
-2.357413470745086670e-01
-2.994226813316345215e-01
-2.846509218215942383e-03
-1.223257854580879211e-01
2.468405663967132568e-01
-5.677561759948730469e-01
-4.129947125911712646e-01
5.026220679283142090e-01
-5.245305895805358887e-01
1.620982140302658081e-01
-9.966257959604263306e-02
5.162743926048278809e-01
1.451919972896575928e-01
-2.707729935646057129e-01
5.027721077203750610e-02
1.637858152389526367e-01
-4.867002069950103760e-01
1.284052729606628418e-01
3.803149461746215820e-01
2.221228182315826416e-02
4.877402186393737793e-01
1.523079574108123779e-01
-3.257597386837005615e-01
-7.542987167835235596e-02
-4.542741924524307251e-02
-6.751708686351776123e-02
-2.384515851736068726e-01
-7.345236837863922119e-02
-5.535294413566589355e-01
7.073723524808883667e-02
3.038897812366485596e-01
1.121212542057037354e-01
1.741600632667541504e-01
-7.871734499931335449e-01
-6.558564305305480957e-01
-2.326889336109161377e-01
-2.791690826416015625e-01
-1.018378287553787231e-01
1.132113784551620483e-01
-6.588071584701538086e-03
3.791638314723968506e-01
2.332464456558227539e-01
-1.239193528890609741e-01
-1.340254396200180054e-01
-3.160784244537353516e-01
2.931414842605590820e-01
-4.207870662212371826e-01
-4.539809226989746094e-01
-2.124481201171875000e-01
-6.206160783767700195e-01
1.906347572803497314e-01
6.963042914867401123e-02
6.095383167266845703e-01
-3.497521877288818359e-01
-4.913462698459625244e-01
-1.619174145162105560e-02
5.280008316040039062e-01
8.216485381126403809e-01
-2.252980470657348633e-01
1.717514693737030029e-01
-1.017687320709228516e+00
-2.889252007007598877e-01
-1.290889084339141846e-01
-3.938147425651550293e-01
9.943675249814987183e-02
5.382477045059204102e-01
-1.599317193031311035e-01
4.393375515937805176e-01
9.097079932689666748e-02
1.176545023918151855e-01
9.955817461013793945e-02
9.325333684682846069e-02
-2.610635757446289062e+00
-2.940836250782012939e-01
3.472687005996704102e-01
-4.644481837749481201e-01
5.943229794502258301e-01
-7.061301469802856445e-01
1.378820389509201050e-01
-2.092272043228149414e-02
-1.406604498624801636e-01
1.502684354782104492e-01
2.801149189472198486e-01
-5.197712033987045288e-02
-1.037415117025375366e-01
5.010668039321899414e-01
-9.786829352378845215e-03
4.376312494277954102e-01
-2.765846848487854004e-01
4.863062500953674316e-02
-2.302254885435104370e-01
-2.629490494728088379e-01
1.076944638043642044e-02
3.839650750160217285e-02
-1.549428403377532959e-01
9.383551031351089478e-02
-5.764282494783401489e-02
-5.112469792366027832e-01
9.743602946400642395e-03
5.811296701431274414e-01
1.405000686645507812e-01
-4.095955193042755127e-02
-6.669190526008605957e-02
-4.336725473403930664e-01
-1.060970872640609741e-01
-1.165844351053237915e-01
5.779735445976257324e-01
-1.616307348012924194e-01
3.278424739837646484e-01
-3.623162806034088135e-01
-8.192489147186279297e-01
7.592589855194091797e-01
-1.034246087074279785e-01
3.533349335193634033e-01
3.571942150592803955e-01
-1.849519014358520508e-01
-1.026362478733062744e-01
-3.402681648731231689e-01
1.496934145689010620e-01
2.468949556350708008e-02
2.849351763725280762e-01
1.167791560292243958e-01
-8.053624629974365234e-02
-1.555496454238891602e-02
-3.426927328109741211e-01
-3.631023168563842773e-01
1.915900856256484985e-01
-2.947108149528503418e-01
2.729862332344055176e-01
4.670644104480743408e-01
2.232010215520858765e-01
6.015944480895996094e-01
1.531404554843902588e-01
-9.096444398164749146e-02
3.036617934703826904e-01
-8.989992737770080566e-02
-1.729177832603454590e-01
1.887249350547790527e-01
9.427835047245025635e-02
-2.231439948081970215e-02
2.015563249588012695e-01
2.247801423072814941e-02
-1.995586156845092773e-01
-9.339460730552673340e-02
3.965660333633422852e-01
4.722527265548706055e-01
-1.424780935049057007e-01
-3.236807882785797119e-02
-2.184799611568450928e-01
3.508754372596740723e-01
1.292590647935867310e-01
1.418134123086929321e-01
1.895015090703964233e-01
1.739297807216644287e-01
9.491082280874252319e-02
2.649477422237396240e-01
