-9.411874413490295410e-02
-6.792229413986206055e-02
-5.456680059432983398e-01
-3.779359459877014160e-01
-3.922205567359924316e-01
-2.450619339942932129e-01
2.624354660511016846e-01
2.316926717758178711e-01
7.271807789802551270e-01
2.294618785381317139e-01
-8.772064000368118286e-02
1.903825104236602783e-01
-2.378267794847488403e-02
-1.060522347688674927e-01
-1.152495592832565308e-01
-5.190113186836242676e-01
1.003037929534912109e+00
3.329834342002868652e-01
2.294188141822814941e-01
-1.478444039821624756e-02
-1.216268897056579590e+00
2.128620892763137817e-01
2.839570865035057068e-02
-3.578722774982452393e-01
3.150715827941894531e-01
4.754257202148437500e-01
3.150147795677185059e-01
-1.661214679479598999e-01
-2.573154270648956299e-01
3.081398308277130127e-01
2.978838235139846802e-02
3.480325639247894287e-01
1.546255201101303101e-01
3.596200346946716309e-01
-7.544910162687301636e-02
-7.713861763477325439e-02
4.952588677406311035e-02
-2.887715101242065430e-01
-2.006709575653076172e-02
1.628416776657104492e+00
-8.834545314311981201e-02
-3.444219827651977539e-01
-2.879408746957778931e-02
-4.744582176208496094e-01
-3.693755269050598145e-01
-6.583639383316040039e-01
2.078450918197631836e-01
2.677930705249309540e-02
1.141889393329620361e-01
1.435820609331130981e-01
4.624755680561065674e-01
-5.419432371854782104e-02
3.831408917903900146e-01
-3.748188316822052002e-01
2.026946842670440674e-01
3.297712281346321106e-02
-6.159019470214843750e-02
-2.546275556087493896e-01
4.841535091400146484e-01
-1.044818907976150513e-01
1.970435678958892822e-01
-2.483449727296829224e-01
-2.512290477752685547e-01
-6.859089434146881104e-02
4.396254420280456543e-01
9.411652386188507080e-02
-1.449689865112304688e-01
8.954617381095886230e-01
5.940241366624832153e-02
-3.612860143184661865e-01
-1.315709054470062256e-01
-3.286092877388000488e-01
-4.768805205821990967e-02
-1.637934297323226929e-01
6.399812698364257812e-01
-3.288044631481170654e-01
9.994740039110183716e-02
-5.457762479782104492e-01
2.688878774642944336e-02
-5.570751428604125977e-01
7.572299242019653320e-02
-6.443389058113098145e-01
-1.877579689025878906e-01
-6.813948154449462891e-01
-1.469372659921646118e-01
4.332863911986351013e-02
3.523566126823425293e-01
1.497694253921508789e-01
4.403462409973144531e-01
-7.002314329147338867e-01
5.304303169250488281e-01
1.878841221332550049e-01
-6.889685630798339844e+00
1.266984045505523682e-01
-3.098463639616966248e-02
-1.640258431434631348e-01
-3.325892388820648193e-01
-2.210468053817749023e-03
-6.852977275848388672e-01
4.465242624282836914e-01
1.283902823925018311e-01
-3.829726576805114746e-01
7.631903886795043945e-02
2.205823063850402832e-01
-7.947087287902832031e-02
5.153830721974372864e-02
-5.333715677261352539e-01
7.000167667865753174e-02
3.113121390342712402e-01
-1.481731235980987549e-01
-5.301104858517646790e-03
4.701010286808013916e-01
-1.017875820398330688e-01
1.265238225460052490e-01
-1.568988114595413208e-01
-3.379411101341247559e-01
1.594264805316925049e-01
5.412978678941726685e-02
-2.347419857978820801e-01
-4.821473062038421631e-01
4.505141675472259521e-01
7.933092117309570312e-01
-1.503389477729797363e-01
-4.816092848777770996e-01
4.605183005332946777e-02
-6.263013482093811035e-01
5.315554141998291016e-01
1.692890226840972900e-01
6.015595793724060059e-02
5.131199955940246582e-02
3.330355882644653320e-02
9.690901637077331543e-02
-1.328995078802108765e-02
8.805944919586181641e-01
5.579773783683776855e-01
9.148769080638885498e-03
2.851104736328125000e-01
1.860084757208824158e-02
-4.249926507472991943e-01
2.736779451370239258e-01
-3.292102217674255371e-01
-6.457796692848205566e-02
-5.129671692848205566e-01
2.122605443000793457e-01
-2.061228156089782715e-01
1.103168427944183350e-01
7.637497782707214355e-02
4.307448267936706543e-01
-5.283249616622924805e-01
2.654874324798583984e-01
-2.863794565200805664e-02
-9.756365418434143066e-02
6.420644521713256836e-01
-2.462552487850189209e-02
-3.760587573051452637e-01
-3.883257508277893066e-01
5.556110143661499023e-01
-5.332708358764648438e-01
-3.944774866104125977e-01
5.226914584636688232e-02
-5.494882464408874512e-01
2.725460529327392578e-01
-3.768031895160675049e-01
-2.419970929622650146e-01
-5.972824692726135254e-01
2.779210805892944336e-01
-2.934922575950622559e-01
-2.798503637313842773e-02
6.045481935143470764e-02
1.575245410203933716e-01
-2.783944904804229736e-01
1.783238500356674194e-01
-3.162451088428497314e-02
-5.033283233642578125e-01
-1.340398937463760376e-01
1.729167699813842773e-01
-3.405039906501770020e-01
4.935681223869323730e-01
5.351973772048950195e-01
-6.869792342185974121e-01
3.632823526859283447e-01
-9.156679362058639526e-02
-3.530564308166503906e-01
2.084216177463531494e-01
4.910790026187896729e-01
3.329664468765258789e-01
-2.235774397850036621e-01
2.709290087223052979e-01
6.248341798782348633e-01
-2.630513161420822144e-03
-5.251431465148925781e-02
2.706604599952697754e-01
-6.071733236312866211e-01
-1.987487226724624634e-01
5.376776456832885742e-01
1.948790252208709717e-01
5.329108238220214844e-02
-1.867413669824600220e-01
1.648106276988983154e-01
5.866746902465820312e-01
-1.736921072006225586e-02
-2.727819085121154785e-01
-2.562894821166992188e-01
2.389875352382659912e-01
4.084907472133636475e-02
-2.016321122646331787e-01
-2.001726925373077393e-01
-2.666001766920089722e-02
-1.029879003763198853e-01
2.493467554450035095e-02
-1.289009153842926025e-01
1.080021262168884277e+00
1.158405467867851257e-02
3.302393555641174316e-01
-7.635927200317382812e-02
1.687947511672973633e-01
2.376829385757446289e-01
1.479581445455551147e-01
7.784166336059570312e-01
6.668318510055541992e-01
4.304275512695312500e-01
4.851751327514648438e-01
-9.605107456445693970e-02
-1.559860408306121826e-01
2.128491997718811035e-01
4.881074428558349609e-01
-3.590836226940155029e-01
-2.783015370368957520e-01
-9.571270644664764404e-02
-7.138015627861022949e-01
1.958138495683670044e-01
1.547410488128662109e-01
-6.817024946212768555e-02
-6.525365114212036133e-01
1.920349746942520142e-01
3.471879065036773682e-01
-3.401975333690643311e-02
-3.292002081871032715e-01
2.535439431667327881e-01
-1.581450551748275757e-01
-1.818431764841079712e-01
1.768519282341003418e-01
-1.537178158760070801e-01
-1.351984888315200806e-01
-4.476913809776306152e-02
-2.000409513711929321e-01
1.222682297229766846e-01
4.212318956851959229e-01
2.060516625642776489e-01
2.117846906185150146e-01
-1.643283665180206299e-01
2.738999128341674805e-01
7.010431587696075439e-02
1.865560710430145264e-01
1.940666884183883667e-01
2.504710257053375244e-01
-2.938265800476074219e-01
8.553710579872131348e-02
-2.422980815172195435e-01
1.000733971595764160e-01
1.345748454332351685e-01
5.342506617307662964e-02
-1.861883327364921570e-03
-2.702447474002838135e-01
-1.640928685665130615e-01
-3.232813477516174316e-01
3.503385186195373535e-01
2.449316382408142090e-01
1.822711527347564697e-01
-1.935006529092788696e-01
-1.751484572887420654e-01
-1.617519110441207886e-01
-2.103334814310073853e-01
-1.328307241201400757e-01
2.399667799472808838e-01
1.141173169016838074e-01
6.033232808113098145e-02
-1.858436167240142822e-01
-6.746190786361694336e-01
2.850198931992053986e-02
5.362526178359985352e-01
-1.091835573315620422e-01
-2.839937210083007812e-01
-3.294903784990310669e-02
-1.400261819362640381e-01
1.662954390048980713e-01
7.569186389446258545e-02
-1.870192885398864746e-01
5.554260015487670898e-01
-2.533310651779174805e-01
2.929019331932067871e-01
2.805492281913757324e-01
7.135425508022308350e-02
-3.008386492729187012e-02
-2.849417328834533691e-01
1.775137633085250854e-01
6.689687371253967285e-01
2.287566661834716797e-01
-8.770620822906494141e-02
1.084360182285308838e-01
-9.533494114875793457e-01
-1.582071185111999512e-03
-5.182259678840637207e-01
1.143333092331886292e-01
-8.091413229703903198e-02
3.264962732791900635e-01
-1.567472815513610840e-01
-5.549288541078567505e-02
2.524631917476654053e-01
3.265632688999176025e-02
-4.870942831039428711e-01
2.544921338558197021e-01
8.802140951156616211e-01
-3.430536985397338867e-01
-5.585130453109741211e-01
-1.885461509227752686e-01
6.362801790237426758e-01
4.080037474632263184e-01
8.385448902845382690e-02
2.820174768567085266e-02
4.725152850151062012e-01
2.249275445938110352e+00
1.698651313781738281e-01
-4.710147380828857422e-01
4.914802312850952148e-02
-2.987450063228607178e-01
1.460215747356414795e-01
1.383084654808044434e-01
1.194729357957839966e-01
9.211019426584243774e-02
2.655906081199645996e-01
1.948001980781555176e-02
1.353325098752975464e-01
-2.458908557891845703e-01
-2.471184134483337402e-01
-3.189493119716644287e-01
-1.704548001289367676e-01
3.306944966316223145e-01
2.562147080898284912e-01
7.472062110900878906e-01
6.994621455669403076e-02
1.470295786857604980e-01
-1.868927627801895142e-01
2.686163783073425293e-01
2.065724730491638184e-01
5.714697837829589844e-01
-3.292038440704345703e-01
5.547855421900749207e-02
6.078259944915771484e-01
-3.954319357872009277e-01
3.954602479934692383e-01
-1.530192345380783081e-01
3.156191110610961914e-01
-6.025719046592712402e-01
5.533225089311599731e-02
-6.159405410289764404e-02
2.690628767013549805e-01
-3.549171388149261475e-01
-2.374017983675003052e-01
-1.073292940855026245e-01
1.470183283090591431e-01
-3.750948905944824219e-01
-1.027559340000152588e-01
4.836770892143249512e-02
-4.958495199680328369e-01
2.271836847066879272e-01
-1.799245178699493408e-01
-8.278360217809677124e-02
2.033812552690505981e-01
3.439625501632690430e-01
-4.418852329254150391e-01
9.878085553646087646e-02
2.272713482379913330e-01
-1.373150050640106201e-01
3.237033486366271973e-01
-1.123854666948318481e-01
5.768578648567199707e-01
-3.695968389511108398e-01
-4.330963194370269775e-01
1.642063558101654053e-01
1.983847022056579590e-01
-5.769279003143310547e-01
-1.833319365978240967e-01
-1.387785971164703369e-01
2.465057373046875000e-01
8.057153224945068359e-02
-9.242274612188339233e-02
-1.868091523647308350e-03
-3.019641041755676270e-01
-1.625765264034271240e-01
6.840278208255767822e-02
-5.715649127960205078e-01
-1.059146746993064880e-01
-1.561152487993240356e-01
3.677577376365661621e-01
1.147682741284370422e-01
1.790136098861694336e-03
-5.915632843971252441e-01
-1.198784559965133667e-01
-5.444201231002807617e-01
4.025030136108398438e-01
2.847216129302978516e-01
-3.056989014148712158e-01
7.832840085029602051e-03
-1.729183197021484375e-01
-3.632340729236602783e-01
-4.622806310653686523e-01
5.462177991867065430e-01
5.852249860763549805e-01
4.725520312786102295e-02
-8.121609687805175781e-03
1.416953653097152710e-01
1.675556600093841553e-01
3.828344643115997314e-01
-7.669851183891296387e-01
9.903857856988906860e-02
3.323820233345031738e-02
2.865710556507110596e-01
-3.104028403759002686e-01
-1.946994066238403320e-01
1.087850555777549744e-01
8.666497468948364258e-02
-2.932124733924865723e-01
-9.290234744548797607e-02
-1.753381490707397461e-01
-9.175311028957366943e-02
-2.963586747646331787e-01
5.637238621711730957e-01
-2.488515853881835938e+00
-2.618391811847686768e-01
-5.995436906814575195e-01
-4.105897545814514160e-01
1.319403290748596191e+00
-6.909772157669067383e-01
-2.395602911710739136e-01
-2.237629294395446777e-01
-1.158508136868476868e-01
-1.174797117710113525e-02
-6.712026894092559814e-02
-1.822825074195861816e-01
-2.051138728857040405e-01
2.919096648693084717e-01
-3.276844620704650879e-01
-8.851377665996551514e-02
-4.610984623432159424e-01
3.965438306331634521e-01
-3.118702173233032227e-01
1.495685279369354248e-01
-3.190564513206481934e-01
-1.312337964773178101e-01
1.338782012462615967e-01
1.437969058752059937e-01
-6.104976683855056763e-02
-2.510349154472351074e-01
2.788862884044647217e-01
1.741998344659805298e-01
-8.491641283035278320e-02
-6.306260824203491211e-02
2.859057486057281494e-01
-2.643609344959259033e-01
-1.003402173519134521e-01
1.723466366529464722e-01
1.447662711143493652e-02
4.256858825683593750e-01
1.852135956287384033e-01
5.448722243309020996e-01
-1.112893223762512207e-04
2.098818570375442505e-01
-1.524838432669639587e-02
-1.368009299039840698e-01
7.122139930725097656e-01
2.155579477548599243e-01
-2.762230634689331055e-01
-7.077862024307250977e-01
-2.197843939065933228e-01
-4.815832078456878662e-01
-1.790257841348648071e-01
2.039546519517898560e-01
2.568738162517547607e-01
2.571526467800140381e-01
3.059577941894531250e-01
-3.356133401393890381e-01
3.266501426696777344e-01
-4.271135926246643066e-01
-4.894910752773284912e-01
1.772585883736610413e-02
-7.234004735946655273e-01
3.014341294765472412e-01
1.346210539340972900e-01
-5.008417367935180664e-01
5.033283233642578125e-01
2.046947181224822998e-01
-1.289591640233993530e-01
-3.872680068016052246e-01
-2.153500467538833618e-01
-3.048320412635803223e-01
1.528708785772323608e-01
-4.761049151420593262e-02
4.181852340698242188e-01
-1.600108146667480469e-01
3.638406395912170410e-01
5.274906381964683533e-02
1.056709587574005127e-01
1.064358949661254883e-01
-1.198051869869232178e-01
-1.117112860083580017e-02
-4.260984063148498535e-01
1.501572579145431519e-01
1.619436740875244141e-01
5.424632430076599121e-01
9.766370989382266998e-03
2.629349529743194580e-01
