-7.349668443202972412e-02
1.127611994743347168e-01
-1.151038706302642822e-01
1.973861008882522583e-01
-4.067294001579284668e-01
3.931711614131927490e-01
-3.697774708271026611e-01
2.961024045944213867e-01
-3.320430815219879150e-01
-2.015109807252883911e-01
-1.603610217571258545e-01
-1.519804000854492188e-01
1.821328401565551758e-01
1.835312098264694214e-01
-1.993215084075927734e-02
5.370157957077026367e-02
8.606067299842834473e-01
-1.529205888509750366e-01
-8.282733708620071411e-02
3.438890576362609863e-01
-1.480220317840576172e+00
-1.292235404253005981e-01
3.821139931678771973e-01
-5.314911007881164551e-01
-2.244783490896224976e-01
4.844219982624053955e-01
8.969402313232421875e-02
-3.789804875850677490e-02
3.780774772167205811e-02
3.500328361988067627e-01
-1.555646359920501709e-01
2.026190459728240967e-01
-8.793556690216064453e-02
6.617029309272766113e-01
2.742612361907958984e-01
-2.387105971574783325e-01
-9.318494051694869995e-02
2.804399132728576660e-01
-2.114821076393127441e-01
7.123473882675170898e-01
-4.016669988632202148e-01
-4.966975748538970947e-02
1.424549818038940430e-01
9.790162742137908936e-02
-5.538556575775146484e-01
3.311290442943572998e-01
-4.848285317420959473e-01
-6.197866797447204590e-02
5.721220374107360840e-01
-7.011249661445617676e-03
1.708662658929824829e-01
-4.856797456741333008e-01
2.178087532520294189e-01
4.782913923263549805e-01
4.938430786132812500e-01
-2.144286930561065674e-01
-1.481428891420364380e-01
3.725219070911407471e-01
4.651162028312683105e-01
-1.769415438175201416e-01
5.241649150848388672e-01
2.211694419384002686e-01
-4.519971013069152832e-01
8.448179066181182861e-02
-1.489315330982208252e-01
-2.247795462608337402e-01
5.532893911004066467e-02
4.252991080284118652e-01
-1.538730859756469727e-01
-3.148229420185089111e-02
-4.816174805164337158e-01
-1.005760878324508667e-01
-4.508516788482666016e-01
-1.983270049095153809e-03
2.511969208717346191e-02
3.370754122734069824e-01
-6.160972714424133301e-01
-2.543288469314575195e-01
7.791299372911453247e-02
4.997105598449707031e-01
1.780768036842346191e-01
-2.779537439346313477e-02
2.620926201343536377e-01
-7.666100263595581055e-01
8.579701185226440430e-01
-2.311501801013946533e-01
1.551450937986373901e-01
-5.977140665054321289e-01
-1.941048353910446167e-01
-5.094488710165023804e-02
4.940733909606933594e-01
-1.708563566207885742e-01
-5.451735496520996094e+00
5.525344610214233398e-02
6.804534196853637695e-01
2.810082137584686279e-01
-2.985115945339202881e-01
2.077163457870483398e-01
-5.755905508995056152e-01
1.981844305992126465e-01
4.753870964050292969e-01
-1.952407211065292358e-01
-4.704320430755615234e-01
3.000237047672271729e-02
-8.024060726165771484e-01
2.210010588169097900e-01
-5.587410926818847656e-01
-5.739704519510269165e-02
-5.535911023616790771e-02
-3.356443941593170166e-01
-3.903467059135437012e-01
9.736380577087402344e-01
-6.234192848205566406e-01
3.243359327316284180e-01
-5.994569659233093262e-01
8.221777528524398804e-02
8.098886907100677490e-02
4.524966180324554443e-01
2.017946243286132812e-01
-2.990160286426544189e-01
3.830215334892272949e-01
1.698309481143951416e-01
7.882672548294067383e-02
1.361158788204193115e-01
3.334965705871582031e-01
2.834692001342773438e-01
-2.164995670318603516e-02
7.620750665664672852e-01
-2.373447120189666748e-01
-3.652501702308654785e-01
3.105566501617431641e-01
-2.079517245292663574e-01
2.069787979125976562e-01
8.560066819190979004e-01
5.118296742439270020e-01
1.191666573286056519e-01
4.919589310884475708e-02
-3.824194371700286865e-01
-4.273755550384521484e-01
7.831360399723052979e-02
-7.719112187623977661e-02
3.666563332080841064e-01
-1.376453936100006104e-01
1.157891273498535156e+00
-6.851389408111572266e-01
4.553680419921875000e-01
1.669403612613677979e-01
2.858201861381530762e-01
-1.089913621544837952e-01
4.774271696805953979e-02
2.751385271549224854e-01
-2.499319463968276978e-01
5.967036485671997070e-01
-3.068910241127014160e-01
-3.483193516731262207e-01
-2.562315165996551514e-01
-1.895059645175933838e-01
8.132743090391159058e-02
-4.157843887805938721e-01
-1.369057595729827881e-02
1.064921095967292786e-01
1.511785686016082764e-01
-3.022710978984832764e-01
2.537394464015960693e-01
-3.781048357486724854e-01
2.395735830068588257e-01
4.598010182380676270e-01
-2.590633928775787354e-02
-6.178262233734130859e-01
7.927211374044418335e-02
5.608551949262619019e-02
-4.218564629554748535e-01
1.477228403091430664e-01
1.752014905214309692e-01
4.963029026985168457e-01
3.393064439296722412e-01
-1.530608832836151123e-01
3.951595425605773926e-01
8.087015151977539062e-01
6.933211684226989746e-01
4.415316879749298096e-02
3.258601576089859009e-02
-7.103529572486877441e-02
-1.081890016794204712e-01
1.700429469347000122e-01
1.577744036912918091e-01
2.113496065139770508e-01
-8.904493600130081177e-02
-6.151295453310012817e-02
1.886337697505950928e-01
-4.486853182315826416e-01
-4.373991489410400391e-02
-1.675720512866973877e-02
-3.226191699504852295e-01
9.449230432510375977e-01
-3.567928969860076904e-01
-1.886564344167709351e-01
-2.960644364356994629e-01
2.140911519527435303e-01
1.160480529069900513e-01
3.442386090755462646e-01
5.840930342674255371e-02
2.765585482120513916e-01
1.874533444643020630e-01
-1.200636476278305054e-02
3.297252953052520752e-01
-1.210870295763015747e-01
8.810162544250488281e-03
4.486896991729736328e-01
-5.955933928489685059e-01
5.618647336959838867e-01
4.735423922538757324e-01
-2.139884531497955322e-01
1.654715836048126221e-01
-2.520855069160461426e-01
3.986322283744812012e-01
1.042181551456451416e-01
-2.595415413379669189e-01
3.081979751586914062e-01
5.163840055465698242e-01
4.668239355087280273e-01
3.377174958586692810e-03
-4.845937490463256836e-01
4.561083018779754639e-01
2.458410263061523438e-01
5.405942201614379883e-01
-1.208309829235076904e-02
-1.601719856262207031e-01
-2.943474054336547852e-01
4.956513643264770508e-02
1.391048282384872437e-01
4.694980382919311523e-02
1.630683392286300659e-01
-3.677849173545837402e-01
-9.676513820886611938e-02
6.157299876213073730e-01
7.020965218544006348e-02
7.687304913997650146e-02
-4.784060120582580566e-01
-3.525782823562622070e-01
4.790577292442321777e-01
-1.114313900470733643e-01
8.716071397066116333e-02
-1.289190053939819336e-01
1.334188878536224365e-01
6.187936663627624512e-02
3.884135484695434570e-01
6.884472370147705078e-01
4.162910282611846924e-01
-1.618180572986602783e-01
1.105458140373229980e-01
-4.433284103870391846e-01
4.195974469184875488e-01
-5.419072136282920837e-02
-5.757915973663330078e-02
4.408707022666931152e-01
-2.230888456106185913e-01
-5.144793540239334106e-02
-1.094286918640136719e+00
2.836214303970336914e-01
-3.541941642761230469e-01
1.319766491651535034e-01
-1.510730385780334473e-01
1.051042556762695312e+00
-8.359554409980773926e-01
1.824745088815689087e-01
6.816044449806213379e-03
-8.308271169662475586e-01
2.826497852802276611e-01
4.178143292665481567e-02
-7.269144058227539062e-03
-8.945836871862411499e-02
-2.106364369392395020e-01
4.293936491012573242e-01
-5.824750289320945740e-02
2.535722553730010986e-01
1.363177448511123657e-01
-1.119046509265899658e-01
-9.070746600627899170e-02
4.849343001842498779e-01
-1.099754124879837036e-01
4.444247186183929443e-01
1.995652914047241211e-03
1.241547241806983948e-01
2.766876816749572754e-01
4.387546777725219727e-01
3.258252441883087158e-01
-2.827125415205955505e-02
-6.635609269142150879e-02
-2.841066420078277588e-01
9.002128839492797852e-01
1.764049381017684937e-01
-1.203999072313308716e-01
-2.005306184291839600e-01
-9.765883535146713257e-02
-7.039021700620651245e-02
7.075862288475036621e-01
8.508464694023132324e-02
2.341165542602539062e-01
-1.591954380273818970e-02
-4.311312735080718994e-01
5.219939351081848145e-02
-3.643756508827209473e-01
-1.611072272062301636e-01
-3.966902196407318115e-02
1.338142156600952148e-01
1.628391742706298828e-01
4.573855400085449219e-01
2.367123663425445557e-01
-8.910921961069107056e-02
-3.318740427494049072e-01
-4.306451976299285889e-02
8.567485809326171875e-01
-2.245204150676727295e-02
-3.837983906269073486e-01
-2.323463559150695801e-04
3.117302656173706055e-01
5.630516409873962402e-01
2.995903491973876953e-01
4.936643689870834351e-02
1.529951691627502441e-01
1.158836841583251953e+00
-2.679925262928009033e-01
-4.088512957096099854e-01
-1.315666884183883667e-01
1.579756438732147217e-01
-1.599006205797195435e-01
-1.164980828762054443e-01
-5.878135561943054199e-04
-4.453259706497192383e-02
-1.304862052202224731e-01
3.312343060970306396e-01
-1.827430427074432373e-01
-3.461258411407470703e-01
1.401057541370391846e-01
-6.419888138771057129e-02
-2.946698963642120361e-01
2.062380313873291016e-02
-1.062466204166412354e-02
-1.720593869686126709e-01
-4.400127530097961426e-01
1.143982782959938049e-01
7.113402485847473145e-01
-3.163998723030090332e-01
1.593775749206542969e-01
1.305012106895446777e-01
5.855758190155029297e-01
-1.268657296895980835e-02
-5.719886720180511475e-02
3.436655551195144653e-02
-1.053830683231353760e-01
-1.039109453558921814e-01
-3.532236218452453613e-01
-4.046674668788909912e-01
3.081325590610504150e-01
4.587960541248321533e-01
5.498290061950683594e-03
4.040625691413879395e-02
1.099212020635604858e-01
-3.234111666679382324e-01
1.958395838737487793e-01
-3.973050415515899658e-01
-6.147201359272003174e-02
3.751056492328643799e-01
-4.462503492832183838e-01
4.530154168605804443e-02
3.640422970056533813e-02
8.896921873092651367e-01
2.711327672004699707e-01
-4.422970116138458252e-03
-4.533850550651550293e-01
-1.612239181995391846e-01
-4.433216154575347900e-01
4.805781841278076172e-01
2.845111489295959473e-01
-2.108555436134338379e-01
3.349911570549011230e-01
2.534108459949493408e-01
-1.814042776823043823e-01
1.644972562789916992e-01
6.181085109710693359e-02
-1.551010310649871826e-01
-1.548579335212707520e-01
-4.134640991687774658e-01
-6.145507097244262695e-01
1.537441164255142212e-01
2.708909809589385986e-01
3.093757331371307373e-01
-2.504077851772308350e-01
-6.447210907936096191e-01
-4.868172109127044678e-01
-6.147704124450683594e-01
-5.107854604721069336e-01
-2.709469199180603027e-02
-3.094547986984252930e-02
-2.058968842029571533e-01
7.835426926612854004e-02
-4.759384691715240479e-02
4.429385066032409668e-03
6.216032803058624268e-02
6.088698655366897583e-02
-7.119320333003997803e-02
-1.732534766197204590e-01
-4.352251291275024414e-01
-2.252419590950012207e-01
-3.028758168220520020e-01
-1.117176339030265808e-01
-8.010096848011016846e-03
-2.115655839443206787e-01
8.822998031973838806e-03
-6.969140768051147461e-01
-4.139477908611297607e-01
3.208344578742980957e-01
5.403348803520202637e-01
-6.782716512680053711e-01
-3.115954622626304626e-02
-8.489179611206054688e-01
-4.563049077987670898e-01
6.625652313232421875e-03
1.301012188196182251e-01
-6.737011671066284180e-02
4.374424219131469727e-01
4.746948182582855225e-02
3.945852518081665039e-01
-1.011949405074119568e-02
-2.850535213947296143e-01
1.579467952251434326e-01
9.636342525482177734e-02
-1.748891830444335938e+00
-4.346032813191413879e-02
-3.417177200317382812e-01
-4.281743764877319336e-01
1.255709052085876465e+00
-4.235989451408386230e-01
1.579696685075759888e-01
1.607905775308609009e-01
1.131514310836791992e-01
2.777158021926879883e-01
9.494620561599731445e-02
-2.785979211330413818e-01
-1.059799492359161377e-01
4.739265143871307373e-01
2.741961181163787842e-01
4.253749847412109375e-01
-4.279860109090805054e-02
-2.354557663202285767e-01
-4.924168288707733154e-01
2.595053315162658691e-01
4.463951662182807922e-02
-1.713669151067733765e-01
1.152648255228996277e-01
9.770063310861587524e-02
-2.764536738395690918e-01
-5.242195725440979004e-01
-9.518659114837646484e-02
1.358188390731811523e-01
2.713814377784729004e-02
2.446058839559555054e-01
-4.523959755897521973e-02
-2.561889886856079102e-01
1.875184029340744019e-01
-1.753508150577545166e-01
6.095959991216659546e-02
2.891533970832824707e-01
2.047342360019683838e-01
-4.361877441406250000e-01
-2.434161677956581116e-02
1.392295956611633301e-02
-7.188944816589355469e-01
2.999756932258605957e-01
3.244236707687377930e-01
-1.551907807588577271e-01
-6.050008535385131836e-02
3.811079263687133789e-01
1.705619394779205322e-01
1.497084945440292358e-01
1.556997001171112061e-02
1.438282281160354614e-01
-5.708625912666320801e-01
8.599101006984710693e-02
-1.399824172258377075e-01
-5.238375067710876465e-01
-3.816146850585937500e-01
-6.062984466552734375e-01
-2.005719244480133057e-01
4.583104252815246582e-01
-7.275360822677612305e-02
5.973280966281890869e-02
4.156915843486785889e-02
-2.345864772796630859e-01
2.944995164871215820e-01
-4.543444514274597168e-02
-6.702510714530944824e-01
-1.106783673167228699e-01
1.387290805578231812e-01
-3.799057602882385254e-01
-8.201647400856018066e-01
-1.984411031007766724e-01
4.605716466903686523e-02
-2.085192352533340454e-01
-6.827840209007263184e-02
-5.697285756468772888e-02
5.751641094684600830e-02
6.025225520133972168e-01
-5.874721407890319824e-01
1.771916449069976807e-01
1.044517308473587036e-01
5.191065073013305664e-01
3.580428361892700195e-01
8.983617275953292847e-02
-5.211707949638366699e-02
2.406297773122787476e-01
