4.276903867721557617e-01
-1.819789111614227295e-01
-1.746345013380050659e-01
4.520271420478820801e-01
3.663010299205780029e-01
-9.315946698188781738e-02
6.299569010734558105e-01
7.652770876884460449e-01
-1.443334668874740601e-01
6.907271593809127808e-02
5.071661472320556641e-01
-1.580463349819183350e-01
8.572801351547241211e-01
-2.033470720052719116e-01
8.428605794906616211e-01
-7.647189497947692871e-02
1.121940374374389648e+00
5.436461418867111206e-02
-3.391423225402832031e-01
3.931067883968353271e-02
-5.055797100067138672e-01
5.527088791131973267e-02
3.227404952049255371e-01
-4.322424530982971191e-01
-2.450588345527648926e-02
2.802301943302154541e-01
5.513314902782440186e-02
-1.797326654195785522e-01
-1.340285241603851318e-01
-5.484099388122558594e-01
-2.242801152169704437e-02
3.740439414978027344e-01
-5.026733279228210449e-01
9.034048318862915039e-01
-1.707664728164672852e-01
-3.576972782611846924e-01
-5.841366052627563477e-01
3.466666936874389648e-01
1.925767064094543457e-01
-3.079398870468139648e-01
1.150058358907699585e-01
-7.364950329065322876e-02
-3.969729840755462646e-01
1.151516586542129517e-01
5.475446581840515137e-02
3.402878642082214355e-01
-3.409948647022247314e-01
1.274746805429458618e-01
-2.094751447439193726e-01
-3.647230267524719238e-01
-1.776930689811706543e-02
-5.395314693450927734e-01
-5.796605348587036133e-02
-1.743791401386260986e-01
-4.337447881698608398e-01
-4.547518491744995117e-01
-5.967020988464355469e-03
-1.956566125154495239e-01
-2.059417366981506348e-01
3.560366630554199219e-01
8.368610143661499023e-01
-1.844255328178405762e-01
-2.191293835639953613e-01
3.636040985584259033e-01
-6.890004128217697144e-02
-4.426825419068336487e-02
7.736669480800628662e-02
7.353946566581726074e-01
-1.460987329483032227e-02
2.491124272346496582e-01
-5.357437729835510254e-01
6.500417739152908325e-02
5.052235722541809082e-01
-7.796080410480499268e-02
-1.162201017141342163e-01
-5.179013311862945557e-02
3.623486757278442383e-01
-2.087056189775466919e-01
2.138797640800476074e-01
-9.608101099729537964e-02
2.469286620616912842e-01
4.340802729129791260e-01
-3.079028129577636719e-01
-2.484526038169860840e-01
4.086561128497123718e-02
2.722201049327850342e-01
-7.571542263031005859e-01
-8.608237653970718384e-02
-1.939892768859863281e-01
-1.408112943172454834e-01
2.259607017040252686e-01
-1.254434585571289062e-01
-7.848418235778808594e+00
2.683447003364562988e-01
2.747066617012023926e-01
1.251806318759918213e-01
2.240049540996551514e-01
6.290599107742309570e-01
2.487397491931915283e-01
4.572140872478485107e-01
-4.415111243724822998e-02
2.109918147325515747e-01
2.496850341558456421e-01
6.570389121770858765e-02
1.640704646706581116e-02
-2.842939496040344238e-01
-1.149913787841796875e+00
-5.042232573032379150e-02
3.525316119194030762e-01
-4.630582630634307861e-01
2.360885441303253174e-01
5.682204961776733398e-01
-5.196418166160583496e-01
3.253898024559020996e-01
-1.960152387619018555e-01
-2.346841096878051758e-01
-3.266566693782806396e-01
2.108556032180786133e-01
1.612690538167953491e-01
-7.346131801605224609e-01
-2.412552684545516968e-01
-1.808756142854690552e-01
-2.615321576595306396e-01
-5.626158118247985840e-01
-2.978107333183288574e-01
-2.583718597888946533e-01
-3.084647953510284424e-01
2.075841724872589111e-01
2.004792988300323486e-01
2.380723059177398682e-01
1.675384044647216797e-01
4.356338381767272949e-01
-4.084511846303939819e-02
1.023993134498596191e+00
6.257674098014831543e-01
3.888756036758422852e-02
7.588693499565124512e-02
-4.027732908725738525e-01
-2.139998525381088257e-01
-2.625392973423004150e-01
-1.339336484670639038e-01
5.845728516578674316e-02
-3.158397972583770752e-02
-8.018339052796363831e-03
-2.052038311958312988e-01
1.152422651648521423e-01
7.272072136402130127e-02
2.621088624000549316e-01
-5.449338555335998535e-01
-1.066389456391334534e-01
3.768452703952789307e-01
-1.544096767902374268e-01
8.578962683677673340e-01
7.577516436576843262e-01
-2.485953867435455322e-01
-1.982645690441131592e-01
3.716808259487152100e-01
-3.166426718235015869e-01
-2.278557717800140381e-01
-2.937578558921813965e-01
1.718380749225616455e-01
1.008221730589866638e-01
4.082881808280944824e-01
-3.544953167438507080e-01
4.687666147947311401e-02
6.930282711982727051e-02
-1.697251498699188232e-01
3.539050221443176270e-01
2.072866857051849365e-01
1.361978203058242798e-01
1.446638256311416626e-01
3.997732102870941162e-01
7.834196090698242188e-03
1.540672034025192261e-01
-5.861431360244750977e-02
4.769806563854217529e-01
6.056650876998901367e-01
-1.394901722669601440e-01
9.066907167434692383e-01
3.663516044616699219e-02
2.360131740570068359e-01
1.797677129507064819e-01
7.204696536064147949e-03
-4.861444234848022461e-02
-4.137450456619262695e-01
3.384471833705902100e-01
-5.680239573121070862e-02
-1.572220623493194580e-01
-3.418932557106018066e-01
-1.288244128227233887e-01
3.453854024410247803e-01
3.463834524154663086e-01
2.516281604766845703e-02
-4.271081686019897461e-01
-5.203238725662231445e-01
1.368272006511688232e-01
-1.718857884407043457e-01
4.461834430694580078e-01
-7.354354262351989746e-01
3.040829300880432129e-01
2.663869857788085938e-01
-2.061304748058319092e-01
6.469478607177734375e-01
4.964962005615234375e-01
1.276942044496536255e-01
1.268925517797470093e-01
-4.371843338012695312e-01
3.101311624050140381e-03
6.073672696948051453e-02
-1.758997887372970581e-01
-2.902474254369735718e-03
-2.610867619514465332e-01
1.564093828201293945e-01
4.488365650177001953e-01
-5.203152894973754883e-01
-1.463155299425125122e-01
1.301097720861434937e-01
5.772317647933959961e-01
1.334802508354187012e-01
-3.407504856586456299e-01
1.388071328401565552e-01
-7.755508273839950562e-02
4.578437805175781250e-01
-1.398153901100158691e-01
3.113992214202880859e-01
4.810052514076232910e-01
2.945667803287506104e-01
-4.905963242053985596e-01
-1.259437799453735352e-01
-4.769659042358398438e-01
-4.188501834869384766e-01
9.054332226514816284e-02
6.507356762886047363e-01
3.810642957687377930e-01
-4.226118326187133789e-01
2.880890667438507080e-01
-1.442015320062637329e-01
-3.874588608741760254e-01
-3.496938347816467285e-01
-1.602714657783508301e-01
1.949212998151779175e-01
-7.233531773090362549e-02
1.861517131328582764e-01
-2.714975476264953613e-01
3.743507862091064453e-01
2.398002147674560547e-01
1.038710474967956543e-01
6.587137281894683838e-02
1.894039660692214966e-01
3.369911909103393555e-01
-4.036989808082580566e-02
4.727676510810852051e-02
3.158430010080337524e-02
6.909024715423583984e-02
-4.830311983823776245e-02
2.393794953823089600e-01
3.638724386692047119e-01
5.416159033775329590e-01
7.001782059669494629e-01
-1.778539568185806274e-01
-3.977737426757812500e-01
-3.658006787300109863e-01
1.849259436130523682e-01
1.252688646316528320e+00
4.220117330551147461e-01
4.526774864643812180e-04
-2.670491486787796021e-02
-2.974938154220581055e-01
1.814809441566467285e-01
2.352278828620910645e-01
-6.437299847602844238e-01
-2.451627850532531738e-01
2.652603387832641602e-02
3.404839336872100830e-01
8.945511281490325928e-02
3.725997209548950195e-01
3.474787175655364990e-01
-1.438692510128021240e-01
-1.337924897670745850e-01
-3.735403120517730713e-01
-2.213757336139678955e-01
4.053936153650283813e-02
-5.801957249641418457e-01
1.824548244476318359e-01
2.017109543085098267e-01
-5.155120790004730225e-02
8.903594017028808594e-01
2.026194334030151367e-01
5.418751016259193420e-02
-1.858519464731216431e-01
3.915181457996368408e-01
7.136501371860504150e-03
-2.856345772743225098e-01
1.867359280586242676e-01
-2.409409135580062866e-01
3.940953612327575684e-01
1.217225790023803711e-01
1.410270631313323975e-01
3.714951872825622559e-01
2.636663019657135010e-01
-1.276381611824035645e-01
-6.856991350650787354e-02
-3.818421661853790283e-01
1.561124324798583984e-01
2.555416524410247803e-01
-1.443093270063400269e-01
-7.449674606323242188e-02
4.114740490913391113e-01
1.397137045860290527e-01
4.138765633106231689e-01
-5.951089784502983093e-03
-2.635198831558227539e-01
1.024778842926025391e+00
-5.880980193614959717e-02
-6.654369086027145386e-02
1.643991321325302124e-01
-1.347998902201652527e-02
1.510391831398010254e-01
4.225980341434478760e-01
-3.422815799713134766e-01
2.765266001224517822e-01
9.377610683441162109e-01
-2.183581888675689697e-01
-1.320796906948089600e-01
5.714364722371101379e-02
-1.653891354799270630e-01
2.927506566047668457e-01
2.563505768775939941e-01
1.200551539659500122e-02
4.828177094459533691e-01
6.681939363479614258e-01
-2.094025611877441406e-01
-1.809201538562774658e-01
8.832132816314697266e-02
-6.327611207962036133e-02
2.992082238197326660e-01
1.240540966391563416e-01
-2.173395752906799316e-01
2.368322759866714478e-02
-7.493039965629577637e-02
-2.695461809635162354e-01
-5.055080652236938477e-01
9.136722087860107422e-01
-4.765609502792358398e-01
4.825338125228881836e-01
1.487476527690887451e-01
2.133193761110305786e-01
4.418436884880065918e-01
-2.455042302608489990e-01
-4.786275625228881836e-01
-7.592603564262390137e-01
4.179295301437377930e-01
-3.225591778755187988e-02
1.004111021757125854e-01
7.627282738685607910e-01
3.346799910068511963e-01
-7.414747476577758789e-01
3.399730324745178223e-01
-3.393673896789550781e-01
-4.735745191574096680e-01
-3.025754392147064209e-01
-3.687814474105834961e-01
-3.110237419605255127e-02
-6.129336357116699219e-02
-8.683882355690002441e-01
4.493560194969177246e-01
1.130436733365058899e-01
5.049672126770019531e-01
6.284908056259155273e-01
-3.265754580497741699e-01
2.361833453178405762e-01
-2.519400417804718018e-01
3.462764918804168701e-01
7.397010922431945801e-02
-5.147367119789123535e-01
-2.358422428369522095e-01
8.339912891387939453e-01
-1.359539628028869629e-01
2.492207884788513184e-01
-2.307682484388351440e-02
-8.030693233013153076e-02
4.812806248664855957e-01
-4.270208254456520081e-02
-4.935363829135894775e-01
-2.887418866157531738e-01
5.657841563224792480e-01
7.363762706518173218e-02
-1.685683280229568481e-01
-1.422623097896575928e-01
-1.250643253326416016e+00
-8.724739551544189453e-01
-7.879790663719177246e-02
-4.441897869110107422e-01
-4.819899797439575195e-03
1.974766701459884644e-01
-6.601659953594207764e-02
-2.394260466098785400e-01
1.919647306203842163e-01
3.521697223186492920e-01
-5.162470340728759766e-01
2.418003380298614502e-01
3.116417229175567627e-01
2.041578292846679688e-02
-4.873826205730438232e-01
3.741215765476226807e-01
-2.339211106300354004e-01
9.190361201763153076e-02
1.311983168125152588e-01
1.580292433500289917e-01
1.642819643020629883e-01
-9.496361017227172852e-04
-1.691832542419433594e-01
6.287461519241333008e-01
9.601721167564392090e-02
-3.498932719230651855e-01
3.098485767841339111e-01
3.568236231803894043e-01
-6.140755861997604370e-02
-6.353812217712402344e-01
-4.429137408733367920e-01
-9.878808259963989258e-02
3.647383451461791992e-01
3.790518045425415039e-01
-3.518401980400085449e-01
-1.731055378913879395e-01
-2.596730887889862061e-01
-3.246158361434936523e-01
2.598985135555267334e-01
-1.097244739532470703e+00
1.107019111514091492e-01
-5.149250030517578125e-01
4.508874416351318359e-01
7.286741137504577637e-01
-3.402098417282104492e-01
-3.706761002540588379e-01
-1.985102891921997070e-03
9.244506806135177612e-02
2.929741144180297852e-02
-3.358716070652008057e-01
5.947507619857788086e-01
1.377599537372589111e-01
6.109917163848876953e-01
3.370463848114013672e-01
2.818602025508880615e-01
-2.572414875030517578e-01
-5.319513380527496338e-02
-2.483432590961456299e-01
1.937541961669921875e-01
-4.149749875068664551e-01
1.130607873201370239e-01
1.367414444684982300e-01
2.018708437681198120e-01
4.391453862190246582e-01
-6.538312137126922607e-02
2.860197424888610840e-01
-4.754250496625900269e-02
9.504214674234390259e-02
3.869118690490722656e-01
1.535009592771530151e-01
-1.076021492481231689e-01
-3.914174437522888184e-01
4.104378819465637207e-01
2.227086126804351807e-01
3.489561676979064941e-01
6.671935319900512695e-03
5.676895976066589355e-01
8.578540086746215820e-01
-4.450608491897583008e-01
-2.206319570541381836e-01
-1.697884351015090942e-01
4.994490146636962891e-01
-5.259264707565307617e-01
-2.087018787860870361e-01
-2.430583387613296509e-01
8.667391538619995117e-02
-7.398235052824020386e-02
1.040920764207839966e-01
-9.006665647029876709e-02
1.056765466928482056e-01
5.961379036307334900e-02
4.028198868036270142e-02
-5.302195549011230469e-01
-5.595616996288299561e-03
3.731526434421539307e-02
1.074651107192039490e-01
3.273472189903259277e-01
-1.780716329813003540e-01
5.286253690719604492e-01
2.095633298158645630e-01
1.616392731666564941e-01
-2.502291798591613770e-01
-1.338762491941452026e-01
5.358840897679328918e-02
-5.494446754455566406e-01
-1.015618965029716492e-01
8.107861876487731934e-02
-2.682744860649108887e-01
3.542777895927429199e-02
-1.005011647939682007e-01
-1.642945036292076111e-02
-1.350804567337036133e-01
-3.093641698360443115e-01
3.211313486099243164e-01
2.755260467529296875e-01
-2.122794687747955322e-01
3.261749148368835449e-01
-2.648445777595043182e-02
6.569200158119201660e-01
3.190379440784454346e-01
5.615668296813964844e-01
5.579273402690887451e-02
1.803462654352188110e-01
