2.677084207534790039e-01
-1.105217486619949341e-01
-2.953351140022277832e-01
-4.058877825736999512e-01
-2.668996751308441162e-01
-2.843322753906250000e-01
1.120299026370048523e-01
7.921508550643920898e-01
5.081058144569396973e-01
6.570503711700439453e-01
4.295873641967773438e-02
4.521371722221374512e-01
2.638434171676635742e-01
-3.939027190208435059e-01
-2.767025530338287354e-01
-3.043944537639617920e-01
5.839346647262573242e-01
4.044725298881530762e-01
2.656362950801849365e-01
2.483484148979187012e-01
-8.710500001907348633e-01
4.146844148635864258e-04
1.609404832124710083e-01
-3.067966699600219727e-01
8.774294704198837280e-02
-4.349881410598754883e-02
4.412804245948791504e-01
5.553415417671203613e-02
-3.640579879283905029e-01
5.399632453918457031e-01
-1.287342309951782227e-01
3.670641407370567322e-02
1.115497425198554993e-01
5.823106765747070312e-01
-4.154799580574035645e-01
-4.535246491432189941e-01
-4.456818103790283203e-01
-9.418947249650955200e-02
7.475224137306213379e-02
8.567488789558410645e-01
-2.035874724388122559e-01
-1.809197366237640381e-01
-1.179654523730278015e-01
-2.783833742141723633e-01
-4.014411866664886475e-01
-1.439522802829742432e-01
-3.246330618858337402e-01
1.310833692550659180e-01
2.721863389015197754e-01
-1.406878232955932617e-03
1.456750929355621338e-01
-2.002835571765899658e-01
7.096157073974609375e-01
-6.697492301464080811e-02
2.933511435985565186e-01
-1.796437054872512817e-01
-6.584134697914123535e-02
4.090804234147071838e-02
2.951985895633697510e-01
-1.661185920238494873e-01
5.211074352264404297e-01
-4.933891892433166504e-01
-1.380093395709991455e-02
-3.358818888664245605e-01
6.332292556762695312e-01
-7.676206529140472412e-03
-4.564215540885925293e-01
6.496176719665527344e-01
1.893541216850280762e-02
-1.842451840639114380e-01
-3.530650138854980469e-01
1.037931442260742188e-02
2.018277943134307861e-01
-2.055840045213699341e-01
3.864469230175018311e-01
-3.718534409999847412e-01
-3.896667361259460449e-01
-3.236258625984191895e-01
9.728290140628814697e-02
-5.628935694694519043e-01
7.515829801559448242e-02
-3.223338127136230469e-01
2.706980407238006592e-01
-6.922436952590942383e-01
-8.996067568659782410e-03
7.980636507272720337e-02
2.066974937915802002e-01
1.073937788605690002e-01
1.928713917732238770e-02
-4.152906537055969238e-01
5.861678719520568848e-01
-2.087825238704681396e-01
-8.247833251953125000e+00
3.017937541007995605e-01
5.766820907592773438e-02
-2.957349717617034912e-01
-1.850128769874572754e-01
5.830775201320648193e-02
-8.626955747604370117e-01
3.557409942150115967e-01
1.229172348976135254e-01
-3.955868780612945557e-01
3.339634537696838379e-01
1.792667061090469360e-02
2.825428843498229980e-01
2.705688774585723877e-02
-6.315870881080627441e-01
1.294557601213455200e-01
1.901655942201614380e-01
-2.515467703342437744e-01
1.449318602681159973e-02
6.326994895935058594e-01
-3.562243878841400146e-01
1.499197185039520264e-01
-4.663362503051757812e-01
-1.617905199527740479e-01
-1.389218270778656006e-01
-1.080358326435089111e-01
-1.902929246425628662e-01
-9.154173731803894043e-02
1.847430765628814697e-01
4.689082503318786621e-01
-2.344838976860046387e-01
-1.345428675413131714e-01
3.361973762512207031e-01
2.714148163795471191e-02
6.421205997467041016e-01
1.749909371137619019e-01
1.944808661937713623e-02
-4.090823978185653687e-02
7.190345972776412964e-02
-1.728757321834564209e-01
-1.941439360380172729e-01
1.059044122695922852e+00
4.618490934371948242e-01
-1.125909462571144104e-01
5.343524813652038574e-01
6.770084053277969360e-02
-1.888184398412704468e-01
-6.546422839164733887e-02
-3.348516225814819336e-01
1.599958091974258423e-01
-3.358772993087768555e-01
9.409466385841369629e-02
-2.547210156917572021e-01
2.112105488777160645e-01
2.660828828811645508e-01
1.822440624237060547e-01
-4.606916308403015137e-01
1.895296275615692139e-01
5.017758011817932129e-01
-2.207761704921722412e-01
8.645501136779785156e-01
-2.633702456951141357e-01
-4.413941502571105957e-01
-2.325566112995147705e-02
1.886360198259353638e-01
-1.861904859542846680e-01
-3.761467933654785156e-01
-2.442422807216644287e-01
-7.458465695381164551e-01
2.995961010456085205e-01
-3.816226422786712646e-01
-4.726435542106628418e-01
-4.344173669815063477e-01
2.082884311676025391e-01
-5.167455971240997314e-02
-2.130601406097412109e-01
9.100398421287536621e-02
3.079368770122528076e-01
-1.426444649696350098e-01
-4.095711931586265564e-02
1.202640458941459656e-01
-2.394251376390457153e-01
-4.894613847136497498e-02
1.513713896274566650e-01
6.145880743861198425e-02
4.176940619945526123e-01
5.826840400695800781e-01
-4.474304318428039551e-01
4.078814983367919922e-01
-1.375381946563720703e-01
-5.595704168081283569e-02
3.111570477485656738e-01
1.034754291176795959e-01
1.097015887498855591e-01
-2.783418297767639160e-01
5.280459523200988770e-01
5.802282094955444336e-01
-4.717979580163955688e-02
-3.182662278413772583e-02
1.716752648353576660e-01
-2.529343366622924805e-01
-3.851222991943359375e-01
4.172332286834716797e-01
1.670636236667633057e-02
1.683323085308074951e-01
2.144001051783561707e-02
1.577471792697906494e-01
3.551995754241943359e-01
-2.304762601852416992e-01
-3.910245001316070557e-01
-7.579173147678375244e-02
1.222904548048973083e-01
1.727683693170547485e-01
-1.200186610221862793e-01
4.885473847389221191e-02
-1.222259178757667542e-01
2.363964319229125977e-01
-4.095979928970336914e-01
-1.064212471246719360e-01
9.875150322914123535e-01
2.351701259613037109e-03
2.972321510314941406e-01
-1.571693271398544312e-02
9.869185835123062134e-02
-5.244912207126617432e-02
1.652697473764419556e-02
6.184653639793395996e-01
4.382323920726776123e-01
7.289335727691650391e-01
7.405265569686889648e-01
1.125476136803627014e-01
-7.451570779085159302e-02
2.710241079330444336e-01
3.444742560386657715e-01
-2.308441102504730225e-01
-2.034592032432556152e-01
1.955002844333648682e-01
-6.139823198318481445e-01
2.386913299560546875e-01
1.444408744573593140e-01
-1.235690340399742126e-01
-6.418793201446533203e-01
-1.833168864250183105e-01
2.480512857437133789e-01
1.474139541387557983e-01
-3.780346512794494629e-01
-2.966225147247314453e-02
-3.154375404119491577e-02
4.618392512202262878e-02
1.544102132320404053e-01
-2.621458470821380615e-01
-3.058356791734695435e-02
2.244452387094497681e-02
-3.672074675559997559e-01
-3.421567380428314209e-02
2.868860065937042236e-01
-9.482257813215255737e-02
2.090000808238983154e-01
-3.794322311878204346e-01
2.521521449089050293e-01
5.727905035018920898e-02
2.854459881782531738e-01
1.277080625295639038e-01
1.630721539258956909e-01
-1.887545138597488403e-01
-2.781746536493301392e-02
-8.055319786071777344e-01
1.804233491420745850e-01
-1.828321814537048340e-01
-4.389863461256027222e-02
-2.040864974260330200e-01
2.068878710269927979e-01
-2.817595303058624268e-01
3.996507823467254639e-02
2.512814700603485107e-01
-7.679872214794158936e-02
-2.690935879945755005e-02
-2.954252064228057861e-01
5.281928181648254395e-02
-3.720751702785491943e-01
-2.328602522611618042e-01
-1.163731366395950317e-01
1.875990927219390869e-01
5.109454393386840820e-01
1.984224915504455566e-01
-2.880960702896118164e-01
-7.451970577239990234e-01
8.714039623737335205e-02
3.236836493015289307e-01
2.330465428531169891e-02
-2.985968589782714844e-01
7.509718090295791626e-02
-4.144836366176605225e-01
5.230836570262908936e-02
4.448109269142150879e-01
-9.241299331188201904e-02
1.850675940513610840e-01
-2.442882061004638672e-01
5.754130482673645020e-01
3.794889450073242188e-01
-2.002473473548889160e-01
5.674321949481964111e-02
2.345670014619827271e-02
9.445742517709732056e-02
5.645753145217895508e-01
1.090725362300872803e-01
-2.789573073387145996e-01
1.752257943153381348e-01
-5.679277777671813965e-01
-1.558533310890197754e-01
1.163050532341003418e-02
1.343839317560195923e-01
-1.773438453674316406e-01
-2.342001497745513916e-01
-5.344874784350395203e-02
-2.148607671260833740e-01
8.893270790576934814e-02
5.983612686395645142e-02
-4.462845325469970703e-01
1.117053180932998657e-01
1.059230089187622070e+00
-4.077482819557189941e-01
-2.523451149463653564e-01
-1.300438493490219116e-01
6.260743737220764160e-01
1.497052460908889771e-01
-2.004144340753555298e-01
-2.094671875238418579e-01
4.919219315052032471e-01
2.198168992996215820e+00
-9.280441701412200928e-02
-3.648190498352050781e-01
2.762338519096374512e-01
-1.295994222164154053e-01
3.364299237728118896e-01
1.126521825790405273e-01
8.556310087442398071e-02
5.527998208999633789e-01
3.647802770137786865e-01
5.069185979664325714e-03
6.979251652956008911e-02
-7.666898369789123535e-01
-5.155122280120849609e-02
-3.918745517730712891e-01
1.242457628250122070e-01
4.172400236129760742e-01
2.280551493167877197e-01
2.080477625131607056e-01
8.707866072654724121e-05
2.608678340911865234e-01
-8.572530001401901245e-03
7.080240547657012939e-02
1.001018658280372620e-01
5.670173764228820801e-01
-2.452950328588485718e-01
6.268552690744400024e-02
3.077256083488464355e-01
-5.311927199363708496e-01
4.129322469234466553e-01
-3.379382193088531494e-01
5.116515755653381348e-01
-6.667834520339965820e-01
4.712925851345062256e-01
-2.878747582435607910e-01
1.092926859855651855e-01
-6.035366654396057129e-02
-2.093945145606994629e-01
-1.281988620758056641e-02
4.550856351852416992e-02
-5.527076125144958496e-01
1.391822099685668945e-01
-2.332025617361068726e-01
-3.634379208087921143e-01
3.300649225711822510e-01
1.744449287652969360e-01
-9.300950914621353149e-02
2.481537163257598877e-01
9.237356483936309814e-02
-1.772786676883697510e-01
-8.731968700885772705e-02
3.397661447525024414e-02
-3.069269359111785889e-01
2.413381636142730713e-01
-3.820686042308807373e-01
6.948596239089965820e-01
-4.042570590972900391e-01
-3.454123139381408691e-01
2.430848926305770874e-01
2.853212356567382812e-01
-5.814894437789916992e-01
-3.291602730751037598e-01
-2.706378996372222900e-01
2.074852585792541504e-01
2.367202490568161011e-01
-2.095211669802665710e-02
9.433367103338241577e-02
6.052756309509277344e-02
-4.482968449592590332e-01
-3.736991286277770996e-01
-7.177355289459228516e-01
-1.785713434219360352e-01
-1.604624092578887939e-01
2.184622734785079956e-01
-5.768512189388275146e-02
-7.350215315818786621e-02
-4.823954105377197266e-01
-3.094618320465087891e-01
-3.965943455696105957e-01
9.018030762672424316e-02
5.597899556159973145e-01
2.579962611198425293e-01
-6.103503704071044922e-02
-2.776260673999786377e-01
-4.035612046718597412e-01
-6.582493782043457031e-01
4.758344292640686035e-01
2.746698260307312012e-01
1.615941524505615234e-03
1.835131049156188965e-01
2.555234134197235107e-01
2.127653360366821289e-02
1.300414204597473145e-01
-1.859336793422698975e-01
6.227825284004211426e-01
2.776034176349639893e-02
3.252087235450744629e-01
-5.788371562957763672e-01
-4.270371794700622559e-01
8.525106310844421387e-02
-9.277924895286560059e-03
-2.765157222747802734e-01
-5.171896219253540039e-01
-2.197480574250221252e-02
1.023868769407272339e-01
-1.243376955389976501e-01
2.503561377525329590e-01
-1.619349718093872070e+00
-9.126234799623489380e-02
-2.909429967403411865e-01
-6.743077039718627930e-01
1.113699197769165039e+00
-6.346565485000610352e-01
-2.015370279550552368e-01
-1.228360086679458618e-01
-1.263829320669174194e-01
-1.018008589744567871e-02
-1.821733415126800537e-01
-1.571104824542999268e-01
-2.576975524425506592e-01
7.364280223846435547e-01
-3.354014158248901367e-01
-1.750552058219909668e-01
-1.934044957160949707e-01
2.549679577350616455e-01
-9.764717519283294678e-02
2.229051589965820312e-01
-2.510868310928344727e-01
-2.758814990520477295e-01
1.146167591214179993e-01
5.391438007354736328e-01
6.978331506252288818e-02
-2.914294898509979248e-01
1.962229013442993164e-01
1.372890621423721313e-01
1.519199162721633911e-01
-4.993254691362380981e-02
2.475072145462036133e-01
-2.081720829010009766e-01
-1.154839992523193359e-01
-2.542255818843841553e-01
-1.314344555139541626e-01
6.091193556785583496e-01
4.471115469932556152e-01
3.854691386222839355e-01
2.947324514389038086e-01
-1.069834828376770020e-01
-3.231333941221237183e-02
-1.270655095577239990e-01
5.891917943954467773e-01
5.112838149070739746e-01
-6.468197703361511230e-02
-1.049672439694404602e-01
-1.245952844619750977e-01
-5.293213129043579102e-01
-9.305152297019958496e-02
1.312570273876190186e-01
4.086790084838867188e-01
5.249303579330444336e-01
1.192624792456626892e-01
-4.395813047885894775e-01
2.369941771030426025e-01
-4.663960635662078857e-02
-3.390145301818847656e-01
1.746205240488052368e-01
-4.892485439777374268e-01
3.444808423519134521e-01
2.885250747203826904e-01
-2.433032691478729248e-01
6.514120101928710938e-01
1.042289286851882935e-02
-3.687579035758972168e-01
-1.773944869637489319e-02
-1.915798038244247437e-01
-2.651873826980590820e-01
2.103596776723861694e-01
-2.697486579418182373e-01
3.723843097686767578e-01
-4.093569517135620117e-01
6.926152855157852173e-02
2.478781491518020630e-01
2.461751550436019897e-01
-1.070374399423599243e-01
-3.728858232498168945e-01
6.699540466070175171e-02
-3.910898566246032715e-01
-1.807339489459991455e-02
1.288073062896728516e-01
3.863208293914794922e-01
1.088386029005050659e-02
8.134309947490692139e-02
