2.300219237804412842e-02
1.367152631282806396e-01
-2.530888319015502930e-01
1.029348492622375488e+00
9.861458092927932739e-02
-4.543433189392089844e-01
3.367629349231719971e-01
-4.317468404769897461e-02
-3.727653324604034424e-01
-2.628035247325897217e-01
-1.741611659526824951e-01
2.914466857910156250e-01
4.363398253917694092e-01
-4.773446917533874512e-01
-5.993317365646362305e-01
1.087840273976325989e-01
1.180369019508361816e+00
2.368780523538589478e-01
9.885311126708984375e-03
7.274514436721801758e-02
-1.337441444396972656e+00
1.956130415201187134e-01
-5.647023320198059082e-01
-2.585997879505157471e-01
-8.055574893951416016e-01
4.153328239917755127e-01
-2.129901796579360962e-01
1.973986774682998657e-01
-3.470728099346160889e-01
1.811953336000442505e-01
-2.387140393257141113e-01
1.653242409229278564e-01
1.011997163295745850e-01
1.340514570474624634e-01
3.462258577346801758e-01
-5.159283876419067383e-01
-2.227027714252471924e-01
1.680717170238494873e-01
-2.101261019706726074e-01
3.072325289249420166e-01
-7.134721279144287109e-01
-5.804282054305076599e-02
2.308687120676040649e-01
-1.218491345643997192e-01
1.324343681335449219e-01
1.045788526535034180e+00
-3.644455969333648682e-01
2.999936342239379883e-01
2.248646616935729980e-01
-3.069751560688018799e-01
4.515951871871948242e-01
-2.211503982543945312e-01
8.453546464443206787e-02
-5.376937985420227051e-01
8.753262460231781006e-02
-6.203966140747070312e-01
5.320273637771606445e-01
2.230506390333175659e-02
7.275592088699340820e-01
-9.079862385988235474e-03
3.155942559242248535e-01
-2.025668025016784668e-01
5.188281536102294922e-01
2.026714384555816650e-01
-5.040287226438522339e-02
-2.721484601497650146e-01
3.313147425651550293e-01
9.605993032455444336e-01
2.281269580125808716e-01
-1.383229345083236694e-01
-1.868236064910888672e-01
7.295200228691101074e-02
5.394072458148002625e-02
1.854181289672851562e-02
-1.215381622314453125e-01
3.362429440021514893e-01
3.197716474533081055e-01
-5.059695243835449219e-01
3.854746520519256592e-01
3.771023452281951904e-01
4.685468077659606934e-01
-5.855587124824523926e-02
-2.018227279186248779e-01
-5.660260915756225586e-01
1.821645796298980713e-01
-4.749329388141632080e-02
-7.427706718444824219e-01
-6.297659873962402344e-01
-2.662119269371032715e-01
-2.715414464473724365e-01
3.246809244155883789e-01
7.654294371604919434e-02
-4.134788513183593750e+00
-5.814040303230285645e-01
4.206236004829406738e-01
2.525100857019424438e-02
-8.517304807901382446e-02
3.235077261924743652e-01
-5.101605057716369629e-01
1.162914514541625977e+00
-4.226267337799072266e-01
-2.464759349822998047e-02
1.867947578430175781e-01
4.663849472999572754e-01
-1.598114371299743652e-01
2.452881932258605957e-01
-2.625900506973266602e-01
-3.657816350460052490e-02
-2.245029062032699585e-01
7.460472583770751953e-01
-2.086893916130065918e-01
4.103482663631439209e-01
-1.062957644462585449e-01
1.422301381826400757e-01
-2.774208784103393555e-01
1.362452059984207153e-01
-6.058377400040626526e-02
2.279824614524841309e-01
7.580234110355377197e-02
-3.613571226596832275e-01
8.204075098037719727e-01
-4.984263777732849121e-01
4.597499966621398926e-03
4.222750663757324219e-03
1.902064085006713867e-01
4.834162890911102295e-01
-7.376363873481750488e-01
4.735366702079772949e-01
-1.967875212430953979e-01
-3.042074143886566162e-01
5.996667146682739258e-01
6.466654539108276367e-01
-2.763979434967041016e-01
8.194254636764526367e-01
4.979316592216491699e-01
-3.509921729564666748e-01
1.107890129089355469e+00
1.805189847946166992e-01
-1.656409353017807007e-02
-9.327206015586853027e-02
2.621175944805145264e-01
7.942795753479003906e-03
-2.932262420654296875e-02
3.702522516250610352e-01
1.424605697393417358e-01
2.272390574216842651e-01
4.255288243293762207e-01
6.816562414169311523e-01
-8.369880169630050659e-02
6.028082221746444702e-03
6.414883136749267578e-01
-4.556646943092346191e-02
1.866255998611450195e-01
5.814143270254135132e-02
-2.279413044452667236e-01
-4.292197525501251221e-03
2.858843803405761719e-01
5.154182314872741699e-01
-7.214486598968505859e-01
-1.667521893978118896e-01
2.600871771574020386e-02
-4.628201574087142944e-02
1.956803500652313232e-01
-1.946835517883300781e-01
2.036081850528717041e-01
2.802812457084655762e-01
-9.038907885551452637e-01
4.756002873182296753e-02
2.363881468772888184e-01
-2.442897260189056396e-01
2.283469736576080322e-01
-2.274220287799835205e-01
7.155542373657226562e-01
1.553144603967666626e-01
3.274782299995422363e-01
-4.158709645271301270e-01
6.500874757766723633e-01
3.092575073242187500e-01
9.637485742568969727e-01
-2.915099263191223145e-02
1.513616740703582764e-02
-1.462414264678955078e-01
-9.381169080734252930e-02
-5.147787556052207947e-02
7.107181102037429810e-02
-3.285999298095703125e-01
-2.599403634667396545e-02
-1.328612491488456726e-02
-4.599599540233612061e-02
4.468683004379272461e-01
-1.196090131998062134e-02
2.353420555591583252e-01
-1.020063608884811401e-01
-5.067710280418395996e-01
6.512578725814819336e-01
5.222061276435852051e-02
-4.003882408142089844e-01
-2.689279615879058838e-01
-5.621103644371032715e-01
1.302677541971206665e-01
1.393017619848251343e-01
9.426271915435791016e-02
-4.735946655273437500e-03
2.257627993822097778e-02
-4.520164132118225098e-01
1.399171352386474609e-01
-4.075725078582763672e-01
3.361523151397705078e-01
-2.424879670143127441e-01
-6.902006864547729492e-01
-1.211455538868904114e-01
7.284744977951049805e-01
3.213630914688110352e-01
6.076785326004028320e-01
6.298241764307022095e-02
4.058544039726257324e-01
2.707646489143371582e-01
-1.630546897649765015e-01
8.099791407585144043e-02
5.914174318313598633e-01
7.978965640068054199e-01
1.198028475046157837e-01
1.537619084119796753e-01
3.688227236270904541e-01
7.781654596328735352e-03
4.539384841918945312e-01
-2.898287773132324219e-01
-5.371425747871398926e-01
1.244847699999809265e-01
-2.549493312835693359e-01
2.620553374290466309e-01
5.530685186386108398e-02
2.690284252166748047e-01
5.078339576721191406e-01
-6.860494613647460938e-03
7.195419073104858398e-01
4.327438473701477051e-01
-1.068465784192085266e-02
-1.087775081396102905e-01
-1.325902044773101807e-01
-1.698514521121978760e-01
4.221360981464385986e-01
-1.238472908735275269e-01
6.418058276176452637e-02
-1.700078845024108887e-01
-4.071258604526519775e-01
1.584210991859436035e-01
7.624647021293640137e-01
1.604412049055099487e-01
5.891428887844085693e-02
-2.514369189739227295e-01
1.391470246016979218e-02
1.428633928298950195e-02
-1.710896193981170654e-02
2.707080245018005371e-01
-1.309413164854049683e-01
1.209133863449096680e-01
1.021976619958877563e-01
-4.096478223800659180e-02
-1.254552602767944336e-01
1.050581037998199463e-01
-3.471643030643463135e-01
8.391319960355758667e-02
9.151453971862792969e-01
-5.732218623161315918e-01
7.439947128295898438e-02
3.746894598007202148e-01
-3.261017426848411560e-02
2.624291777610778809e-01
-4.878567159175872803e-02
1.532884091138839722e-01
3.009023666381835938e-01
4.509783089160919189e-01
-1.369807124137878418e-02
6.640072911977767944e-02
5.574834346771240234e-01
2.976987957954406738e-01
-1.811082661151885986e-01
4.465623572468757629e-02
4.802278429269790649e-02
-5.714164674282073975e-02
1.786696314811706543e-01
1.036607921123504639e-01
3.539717793464660645e-01
1.163569912314414978e-01
-1.740451753139495850e-01
-1.619212031364440918e-01
2.482160925865173340e-01
-1.710976958274841309e-01
-3.308492004871368408e-01
6.736755371093750000e-01
4.228218495845794678e-01
2.175669372081756592e-02
-4.023624956607818604e-01
-6.745360791683197021e-02
-4.843347072601318359e-01
4.054472446441650391e-01
1.658780276775360107e-01
2.928562164306640625e-01
-8.307850360870361328e-01
-8.107664436101913452e-02
-3.065116703510284424e-01
-3.670992255210876465e-01
1.083974167704582214e-02
2.279855906963348389e-01
4.728336930274963379e-01
5.142140388488769531e-01
-2.301368117332458496e-01
-2.866077721118927002e-01
-2.214986085891723633e-01
-5.875219404697418213e-02
1.171263456344604492e-01
8.191940188407897949e-01
-5.484631657600402832e-01
1.708722710609436035e-01
1.423649191856384277e-01
2.910688519477844238e-01
-1.517795920372009277e-01
-1.250832676887512207e-01
2.975829318165779114e-02
-5.371633768081665039e-01
1.612921237945556641e+00
-1.063718497753143311e-01
-5.191478729248046875e-01
-2.161323726177215576e-01
4.169583320617675781e-03
2.697754800319671631e-01
-7.042639255523681641e-01
4.982888698577880859e-01
-4.689487516880035400e-01
-2.049869745969772339e-01
4.491178691387176514e-01
1.577567458152770996e-01
-2.326775789260864258e-01
2.287316918373107910e-01
8.526158332824707031e-02
4.125405848026275635e-01
2.203419804573059082e-01
2.604327797889709473e-01
2.473044395446777344e-01
-4.893687367439270020e-01
-2.671079635620117188e-01
3.808752000331878662e-01
-6.308182477951049805e-01
-4.393018484115600586e-01
2.748326025903224945e-02
2.537247836589813232e-01
1.999287307262420654e-02
-6.558244824409484863e-01
5.484290793538093567e-02
1.484062820672988892e-01
-1.319665834307670593e-02
2.868728339672088623e-01
-1.373597234487533569e-01
7.800208777189254761e-02
1.838170289993286133e-01
-1.179649680852890015e-01
-3.290758281946182251e-02
1.602879762649536133e-01
-9.961469098925590515e-03
2.125910222530364990e-01
-3.238716721534729004e-01
1.300624012947082520e-01
4.426985979080200195e-03
-1.360298871994018555e+00
3.542216122150421143e-01
-1.736714094877243042e-01
2.014155536890029907e-01
2.764444947242736816e-01
-2.901629209518432617e-01
-2.118018865585327148e-01
8.145878463983535767e-02
-3.493939638137817383e-01
3.216838240623474121e-01
-8.618867397308349609e-02
-3.689341247081756592e-02
9.105566143989562988e-01
1.193891316652297974e-01
1.321164071559906006e-01
-2.323921024799346924e-01
7.004263997077941895e-02
4.139229059219360352e-01
1.740625798702239990e-01
-6.428912878036499023e-01
-5.355859398841857910e-01
3.235821127891540527e-01
8.205365538597106934e-01
3.620836734771728516e-01
-1.383974254131317139e-01
4.195881485939025879e-01
-5.117443203926086426e-01
-9.478349685668945312e-01
2.106114774942398071e-01
-1.397850513458251953e-01
1.539729088544845581e-01
6.278657913208007812e-02
4.105821847915649414e-01
3.957068026065826416e-01
-3.056746721267700195e-01
-1.393433213233947754e-01
-1.318797022104263306e-01
-1.861664056777954102e-01
-4.102247655391693115e-01
-4.211336076259613037e-01
-6.034210920333862305e-01
-4.243101775646209717e-01
-1.960748434066772461e-02
-2.662289440631866455e-01
5.656468272209167480e-01
-3.766965866088867188e-01
3.340529650449752808e-02
-3.060030341148376465e-01
4.584636986255645752e-01
7.569543719291687012e-01
3.009169101715087891e-01
7.840311527252197266e-01
-4.410787224769592285e-01
-1.727892756462097168e-01
-2.035039067268371582e-01
-3.877882063388824463e-01
1.630878150463104248e-01
5.700476169586181641e-01
-7.056622505187988281e-01
9.111112356185913086e-01
-3.871312737464904785e-01
1.860405355691909790e-01
-1.828808486461639404e-01
3.011165261268615723e-01
-1.914723873138427734e+00
-6.936714053153991699e-02
2.299511283636093140e-01
-2.541244328022003174e-01
1.273314476013183594e+00
-8.663840591907501221e-02
3.142758458852767944e-02
-4.298403859138488770e-01
-1.945462524890899658e-01
-2.057420909404754639e-01
-1.404786258935928345e-01
-1.940807998180389404e-01
1.788543164730072021e-01
-1.007294505834579468e-01
3.618925213813781738e-01
-5.607932806015014648e-01
-5.166033506393432617e-01
1.097400411963462830e-01
-5.316669866442680359e-02
-1.004419401288032532e-01
2.509190142154693604e-01
2.612347602844238281e-01
2.973990142345428467e-01
-5.577697977423667908e-02
2.653462588787078857e-01
-3.017308115959167480e-01
-1.088249310851097107e-01
6.623358279466629028e-02
6.660446524620056152e-03
2.022694796323776245e-01
-6.520247459411621094e-02
1.626334488391876221e-01
-3.088541142642498016e-02
-1.014335751533508301e-01
2.145991623401641846e-01
2.544142603874206543e-01
8.677964210510253906e-01
-1.364131569862365723e-01
-1.612328886985778809e-01
-8.035483956336975098e-02
9.218564629554748535e-02
1.649019420146942139e-01
-1.971377432346343994e-02
6.362862884998321533e-02
1.020826101303100586e-01
-4.640375077724456787e-01
1.675544679164886475e-01
2.388195246458053589e-01
9.552051126956939697e-02
-5.536743998527526855e-02
-1.133843660354614258e-01
-3.098449110984802246e-02
2.230129837989807129e-01
-2.792918980121612549e-01
3.858474493026733398e-01
-3.182007968425750732e-01
2.859904170036315918e-01
2.223147749900817871e-01
-4.280153661966323853e-03
3.537171483039855957e-01
3.624245524406433105e-01
-5.180401802062988281e-01
1.593581140041351318e-01
4.796174168586730957e-01
4.522928595542907715e-02
-5.639982223510742188e-02
-1.707253605127334595e-01
-2.348241955041885376e-02
-3.116417825222015381e-01
-3.482037186622619629e-01
-4.309363663196563721e-02
-2.524251639842987061e-01
-2.087010443210601807e-01
3.672220110893249512e-01
-4.237020015716552734e-02
2.024628520011901855e-01
1.361057758331298828e-01
3.815755248069763184e-01
-1.596452146768569946e-01
-1.116600632667541504e-02
-7.738003879785537720e-02
8.540154248476028442e-02
-8.169056475162506104e-02
-1.765649020671844482e-01
