3.716200590133666992e-02
-1.104363054037094116e-01
-1.467175632715225220e-01
-1.825649440288543701e-01
2.685822844505310059e-01
3.327541798353195190e-02
-1.196851879358291626e-01
4.252756834030151367e-01
4.972972273826599121e-01
-4.749596118927001953e-01
-1.838892698287963867e-03
-4.868234694004058838e-02
5.897879600524902344e-01
4.549424946308135986e-01
1.967321485280990601e-01
-2.066455632448196411e-01
6.683999896049499512e-01
1.084052547812461853e-01
-4.382585585117340088e-01
1.998497247695922852e-01
1.075507402420043945e-01
-7.494375109672546387e-02
-5.932043120265007019e-02
1.392088979482650757e-01
4.050910472869873047e-03
5.543091520667076111e-02
6.185936331748962402e-01
-1.712177395820617676e-01
2.671866863965988159e-02
-2.326080948114395142e-01
2.265268415212631226e-01
-5.028134584426879883e-01
-1.391425281763076782e-01
-2.383683323860168457e-01
-2.495647668838500977e-01
1.945612877607345581e-01
4.237275123596191406e-01
8.383455872535705566e-02
-6.329025328159332275e-02
-8.469936847686767578e-01
-1.485381722450256348e-01
1.038915961980819702e-01
2.348891645669937134e-01
-2.700723707675933838e-03
6.374976038932800293e-02
7.954611778259277344e-01
-3.225274980068206787e-01
8.047442138195037842e-02
2.648112177848815918e-02
4.374650120735168457e-01
4.522168338298797607e-01
2.559695541858673096e-01
-3.906798660755157471e-01
8.352188020944595337e-02
6.060142815113067627e-02
-2.125826925039291382e-01
1.112505793571472168e-01
6.729507446289062500e-01
-1.562675237655639648e-01
3.484023734927177429e-03
6.176938116550445557e-02
-3.185632824897766113e-01
2.727847695350646973e-01
-1.478437781333923340e-01
2.056308239698410034e-01
-1.872892230749130249e-01
-5.483129620552062988e-02
-3.810122609138488770e-02
-1.264699101448059082e-01
1.183300912380218506e-01
3.015317916870117188e-01
-6.402412801980972290e-02
-1.438992023468017578e-01
-9.480173587799072266e-01
-1.398506462574005127e-01
-1.372910197824239731e-02
5.119313299655914307e-02
2.008914947509765625e-01
-2.216416150331497192e-01
7.259165495634078979e-02
1.010045558214187622e-01
2.477918565273284912e-02
5.216404795646667480e-01
-1.008455455303192139e-01
2.102196216583251953e-02
3.710706830024719238e-01
9.092490673065185547e-01
1.876221001148223877e-01
8.307851850986480713e-02
4.277031123638153076e-02
2.052750289440155029e-01
-2.035506218671798706e-01
-7.578009128570556641e+00
-5.097026228904724121e-01
3.943759202957153320e-01
5.092951059341430664e-01
5.161983966827392578e-01
-2.110974639654159546e-01
4.383430480957031250e-01
-5.120830535888671875e-01
-7.817939668893814087e-02
3.194545507431030273e-01
4.425102844834327698e-02
1.558484137058258057e-02
8.203912973403930664e-01
-6.563845276832580566e-01
-4.133821964263916016e+00
2.092078328132629395e-01
-3.956348896026611328e-01
-5.756536126136779785e-01
-1.832783520221710205e-01
2.422788739204406738e-02
-2.313153445720672607e-01
-7.255449891090393066e-04
3.078040778636932373e-01
-3.298244178295135498e-01
-1.764747202396392822e-01
1.173913329839706421e-01
8.515976369380950928e-02
-2.728261351585388184e-01
2.393366992473602295e-01
8.719224333763122559e-01
4.328437447547912598e-01
3.441236019134521484e-01
-4.568577408790588379e-01
2.408992946147918701e-01
-1.480942219495773315e-01
3.647537827491760254e-01
1.417498141527175903e-01
4.977463185787200928e-02
8.776240050792694092e-02
-5.787574052810668945e-01
-1.592348068952560425e-01
9.104630351066589355e-01
-1.962104141712188721e-01
2.146016955375671387e-01
3.447256386280059814e-01
1.637826710939407349e-01
-2.305056303739547729e-01
1.392732709646224976e-01
-1.142786666750907898e-01
5.722367763519287109e-01
-1.745035052299499512e-01
2.219138592481613159e-01
-2.904762029647827148e-01
-2.243088930845260620e-01
-1.023537218570709229e-01
2.640433311462402344e-01
-2.559975385665893555e-01
-9.915375709533691406e-02
7.380568981170654297e-01
-1.219900324940681458e-02
5.648852586746215820e-01
-2.243324667215347290e-01
-1.086093857884407043e-01
-3.388708829879760742e-02
1.405817270278930664e-01
-2.669943273067474365e-01
1.228183582425117493e-01
3.219926059246063232e-01
-2.239914238452911377e-01
-1.725581735372543335e-01
1.092867851257324219e-01
-2.083362936973571777e-01
6.847283840179443359e-01
-4.877799153327941895e-01
2.686986923217773438e-01
1.220161467790603638e-02
-3.500697761774063110e-02
-4.252961277961730957e-01
1.092892363667488098e-01
1.592969745397567749e-01
5.057598948478698730e-01
-1.051806509494781494e-01
3.381061553955078125e-01
1.648489981889724731e-01
-2.245490312576293945e+00
1.520880162715911865e-01
-3.516474962234497070e-01
-1.124366223812103271e-01
-4.138079881668090820e-01
-2.052824050188064575e-01
2.270638942718505859e-01
-9.986971318721771240e-02
1.883818060159683228e-01
2.290668189525604248e-01
-5.547780916094779968e-02
-4.702849984169006348e-01
4.075267910957336426e-01
6.796003878116607666e-02
-2.104914188385009766e-02
-2.962582111358642578e-01
-4.224618673324584961e-01
2.608430385589599609e-01
-3.460048437118530273e-01
5.426537990570068359e-02
3.211701810359954834e-01
5.020956993103027344e-01
-4.610744714736938477e-01
-5.549194812774658203e-01
4.904581233859062195e-02
-2.674087584018707275e-01
-1.105182021856307983e-01
-1.132015585899353027e-01
4.899575710296630859e-01
-2.497432231903076172e-01
-3.958500623703002930e-01
-7.162730395793914795e-02
-1.442881226539611816e-01
3.909881412982940674e-01
2.517502307891845703e-01
-3.114840686321258545e-01
1.582117974758148193e-01
-5.507592856884002686e-02
-5.647216439247131348e-01
-1.357360482215881348e-01
4.329279959201812744e-01
3.856784701347351074e-01
-7.074639201164245605e-02
-2.120269387960433960e-01
-1.810032501816749573e-02
-2.676030099391937256e-01
-5.038816481828689575e-02
-3.286577463150024414e-01
-4.120920598506927490e-02
4.652694165706634521e-01
6.603883206844329834e-02
-1.854921430349349976e-01
9.574741125106811523e-03
1.314637959003448486e-01
-2.008294463157653809e-01
-2.335917949676513672e-01
5.181114673614501953e-01
6.855936050415039062e-01
3.830766081809997559e-01
4.837684333324432373e-01
7.709937542676925659e-02
2.046703249216079712e-01
6.450486183166503906e-01
6.262028217315673828e-01
-3.251603245735168457e-02
-8.924686163663864136e-02
2.588708400726318359e-01
-3.552930951118469238e-01
-7.083886861801147461e-02
6.645592451095581055e-01
-2.957462333142757416e-03
9.042223542928695679e-02
-4.722782373428344727e-01
-5.414349436759948730e-01
-1.633321046829223633e-01
2.065689563751220703e-01
-7.769003510475158691e-02
-1.248571276664733887e-01
-2.853476256132125854e-02
3.531554043292999268e-01
4.791766405105590820e-04
6.085738539695739746e-03
-1.211924552917480469e+00
2.454410493373870850e-02
-5.449070334434509277e-01
2.722243368625640869e-01
2.940541803836822510e-01
5.550317168235778809e-01
1.638412922620773315e-01
1.057572886347770691e-01
3.656868338584899902e-01
-2.120680958032608032e-01
1.737718433141708374e-01
-1.619197428226470947e-01
6.415456533432006836e-03
5.981938838958740234e-01
-1.235736757516860962e-01
2.833078503608703613e-01
1.733286231756210327e-01
-8.294232934713363647e-02
-3.266898989677429199e-01
9.456826746463775635e-02
-5.011016130447387695e-01
7.521274685859680176e-02
3.268202245235443115e-01
1.173016279935836792e-01
-2.912734746932983398e-01
2.715391516685485840e-01
2.003465443849563599e-01
-9.505736827850341797e-02
-1.882596015930175781e+00
-2.228729426860809326e-02
-4.801639914512634277e-02
2.086558341979980469e-01
-1.988541930913925171e-01
9.741896390914916992e-02
1.483834981918334961e-01
-9.649656713008880615e-03
-1.954577267169952393e-01
-7.147803157567977905e-02
3.190956711769104004e-01
-9.933874011039733887e-03
2.545469999313354492e-01
4.181515872478485107e-01
-4.252012372016906738e-01
3.786535561084747314e-02
1.688234657049179077e-01
-3.286749720573425293e-01
1.669238209724426270e-01
-2.893335223197937012e-01
-3.150950372219085693e-01
3.739621639251708984e-01
5.703727602958679199e-01
1.597431302070617676e-01
-2.561891078948974609e-01
3.997057676315307617e-03
9.111798405647277832e-01
5.400824546813964844e-02
-7.782722264528274536e-02
3.899177536368370056e-02
5.559005737304687500e-01
1.341825276613235474e-01
-1.673550605773925781e-01
-3.891300559043884277e-01
-2.389556020498275757e-01
-7.067087888717651367e-01
-6.094346642494201660e-01
-1.600511223077774048e-01
-2.089664712548255920e-02
-5.787251591682434082e-01
6.087651103734970093e-02
6.409782171249389648e-01
-2.502321898937225342e-01
8.818130195140838623e-02
-1.087471842765808105e-01
2.087579518556594849e-01
2.234433442354202271e-01
-5.261984094977378845e-02
-1.544753909111022949e-01
1.789974719285964966e-01
5.118438601493835449e-01
-3.020399808883666992e-02
-3.741418719291687012e-01
-2.762165367603302002e-01
3.300038278102874756e-01
-8.851364254951477051e-02
-2.119604051113128662e-01
3.204253613948822021e-01
-7.455125451087951660e-03
-3.811403512954711914e-01
6.848443299531936646e-02
-8.061489462852478027e-02
1.913397014141082764e-02
-7.017140090465545654e-02
-9.758784770965576172e-01
-4.263927638530731201e-01
1.379544436931610107e-01
-1.113338619470596313e-01
-2.304667383432388306e-01
1.962552666664123535e-01
2.904180437326431274e-02
1.967971771955490112e-01
4.136611521244049072e-02
-1.751943230628967285e-01
2.910561263561248779e-01
1.725847423076629639e-01
-2.867686748504638672e-01
4.927370548248291016e-01
3.090605139732360840e-03
-3.590531349182128906e-01
-7.300548255443572998e-02
-1.370990991592407227e+00
1.170634925365447998e-01
1.804367303848266602e-01
-9.090274572372436523e-02
4.613920748233795166e-01
1.098503768444061279e-01
2.352847307920455933e-01
2.967283129692077637e-01
-3.078927099704742432e-01
1.281341433525085449e+00
1.346069425344467163e-01
-2.193161845207214355e-01
-1.950918436050415039e-01
2.397208213806152344e-01
-4.113232195377349854e-01
-1.850040853023529053e-01
-7.353715896606445312e-01
3.104944527149200439e-02
-1.355941593647003174e-01
9.614126384258270264e-02
-2.551898360252380371e-01
-3.217369318008422852e-01
4.653269052505493164e-01
-2.877264618873596191e-01
5.270883440971374512e-03
2.285752445459365845e-02
-5.665642023086547852e-01
1.169726252555847168e-02
4.877254366874694824e-01
-4.263889789581298828e-02
1.733667254447937012e-01
1.001106947660446167e-01
-3.994100987911224365e-01
-2.836083769798278809e-01
4.439997375011444092e-01
-7.288395166397094727e-01
-1.902255713939666748e-01
2.935073077678680420e-01
-2.467451393604278564e-01
2.256955951452255249e-03
4.003638029098510742e-01
4.150673151016235352e-01
-1.123717427253723145e-01
-1.619293689727783203e-01
-3.568711876869201660e-01
5.467972904443740845e-02
-5.026890039443969727e-01
-1.191143989562988281e-01
-2.624351978302001953e-01
4.085406661033630371e-01
2.154106795787811279e-01
-3.471279442310333252e-01
-1.782437860965728760e-01
-5.325729399919509888e-02
1.688730269670486450e-01
1.681764423847198486e-01
1.274988353252410889e-01
1.893959492444992065e-01
-1.512480676174163818e-01
-2.481203377246856689e-01
2.629010081291198730e-01
-2.690684795379638672e+00
-4.874527454376220703e-03
-1.186065226793289185e-01
-8.180845528841018677e-02
-9.386250972747802734e-01
-5.007137358188629150e-02
-2.597306370735168457e-01
2.594103813171386719e-01
-3.146299123764038086e-01
-2.034174203872680664e-01
-3.889234364032745361e-01
-3.016578853130340576e-01
-1.703681200742721558e-01
-9.498502314090728760e-02
-4.460634291172027588e-01
-2.638826370239257812e-01
-2.278690487146377563e-01
-4.316254258155822754e-01
-1.516522467136383057e-02
-1.490245908498764038e-01
1.197183653712272644e-01
-9.381026774644851685e-02
-6.799510866403579712e-02
1.483246684074401855e-01
1.769877076148986816e-01
-7.293259352445602417e-02
4.876807928085327148e-01
2.694359123706817627e-01
-3.981265425682067871e-02
-2.744082212448120117e-01
-2.145006954669952393e-01
-4.573252797126770020e-01
3.117871284484863281e-01
-5.608317255973815918e-02
-3.176334500312805176e-01
-1.239364594221115112e-01
4.181948304176330566e-01
1.102061942219734192e-01
1.737574487924575806e-01
7.163815945386886597e-02
-2.010354697704315186e-01
1.965759247541427612e-01
5.104982256889343262e-01
-3.770355582237243652e-01
3.209847509860992432e-01
3.197723031044006348e-01
7.122880220413208008e-01
-2.257493138313293457e-02
-1.374465376138687134e-01
-7.583557814359664917e-02
2.957028448581695557e-01
-2.197470963001251221e-01
-2.840530276298522949e-01
-4.340509176254272461e-01
-3.380427882075309753e-02
-1.419582664966583252e-01
-1.546211838722229004e-01
6.286473274230957031e-01
-2.021181434392929077e-01
2.162045836448669434e-01
-4.620693922042846680e-01
-1.233811676502227783e-01
3.884476721286773682e-01
-4.189810901880264282e-02
6.044955253601074219e-01
-3.226302266120910645e-01
3.961699008941650391e-01
-3.348352015018463135e-01
2.463416010141372681e-01
-6.534904241561889648e-03
7.355695962905883789e-02
-2.110815048217773438e-02
2.310639172792434692e-01
-3.426890075206756592e-01
-3.415686488151550293e-01
1.431181430816650391e-01
8.773884177207946777e-02
-1.449255459010601044e-02
1.074002310633659363e-01
-7.103164494037628174e-02
-1.317945867776870728e-01
2.963298261165618896e-01
1.835048943758010864e-02
-2.256513833999633789e-01
