1.830591261386871338e-01
2.361454069614410400e-01
-2.626845240592956543e-01
-1.297042369842529297e-01
1.171680316329002380e-01
-4.515141248703002930e-01
-1.662712544202804565e-02
6.254307627677917480e-01
6.619646549224853516e-01
1.945112049579620361e-01
7.890255749225616455e-02
-1.809476315975189209e-01
3.980756998062133789e-01
-5.120326876640319824e-01
-2.003993988037109375e-01
-4.322317540645599365e-01
-1.180927976965904236e-01
-1.246757209300994873e-01
2.215281426906585693e-01
2.677163481712341309e-01
-8.028792142868041992e-01
2.010179013013839722e-01
-5.982448160648345947e-02
3.428728878498077393e-02
2.963140904903411865e-01
4.232057034969329834e-01
1.822433769702911377e-01
-8.981044590473175049e-02
-5.018465518951416016e-01
1.154716834425926208e-01
-2.798302769660949707e-01
1.717053800821304321e-01
2.029093503952026367e-01
6.910333037376403809e-01
7.837606966495513916e-02
-2.640710473060607910e-01
-2.310705035924911499e-01
-1.662421375513076782e-01
4.042263925075531006e-01
-1.880700886249542236e-01
-5.750855058431625366e-02
-2.665992975234985352e-01
-2.047083526849746704e-01
-5.718098282814025879e-01
-1.881395280361175537e-01
-4.783847928047180176e-02
8.722236752510070801e-02
-8.679877966642379761e-02
3.335753381252288818e-01
1.035361886024475098e-01
-1.497333794832229614e-01
-1.561878323554992676e-01
4.023254215717315674e-01
-2.758832275867462158e-01
-1.134067922830581665e-01
6.693317741155624390e-02
3.824495971202850342e-01
-3.543045818805694580e-01
8.704519271850585938e-02
7.788673043251037598e-03
3.540610671043395996e-01
-9.877720475196838379e-02
-1.889749914407730103e-01
-1.526550501585006714e-01
-1.023026034235954285e-01
-1.068458482623100281e-01
-4.340220093727111816e-01
5.786807537078857422e-01
1.113311052322387695e-01
-3.846715390682220459e-01
-3.918249607086181641e-01
9.175962954759597778e-02
-1.137453168630599976e-01
-4.758007824420928955e-01
3.827735185623168945e-01
-7.460942119359970093e-02
-2.028396539390087128e-02
-6.026585102081298828e-01
-1.480272412300109863e-01
-3.439348340034484863e-01
1.038542613387107849e-01
-8.502460271120071411e-02
-3.791035711765289307e-02
-1.773682683706283569e-01
1.028385683894157410e-01
3.687382936477661133e-01
-5.554376244544982910e-01
-3.793121874332427979e-02
-4.569977521896362305e-03
-5.226862430572509766e-01
5.963084101676940918e-01
-2.090694755315780640e-02
-7.916139602661132812e+00
6.237008571624755859e-01
-3.463480472564697266e-01
-3.451985120773315430e-01
-4.374110102653503418e-01
-4.255135357379913330e-01
-2.273990213871002197e-02
-1.985658705234527588e-01
1.856349706649780273e-01
-8.842879533767700195e-02
2.999643981456756592e-01
1.582183241844177246e-01
3.046484291553497314e-01
3.454835712909698486e-02
-4.622662067413330078e-01
3.087148070335388184e-02
-2.116045355796813965e-02
-2.276128679513931274e-01
-7.809233665466308594e-02
-2.034177184104919434e-01
-4.659690856933593750e-01
2.219573259353637695e-01
-1.906121075153350830e-01
-1.738488972187042236e-01
2.918429970741271973e-01
-8.228446543216705322e-02
-1.184376329183578491e-02
2.309926748275756836e-01
1.401427984237670898e-01
7.516672611236572266e-01
2.144818603992462158e-01
-5.721635818481445312e-01
-5.840269476175308228e-02
-3.199307322502136230e-01
3.852020502090454102e-01
9.025225788354873657e-02
9.381757676601409912e-02
3.023742139339447021e-01
-1.188240647315979004e-01
2.714784741401672363e-01
7.155866920948028564e-02
1.052455425262451172e+00
1.080603450536727905e-01
-4.436246305704116821e-02
2.821159958839416504e-01
-1.280251443386077881e-01
-1.773583143949508667e-01
-3.806496858596801758e-01
-1.508595198392868042e-01
-1.884123086929321289e-01
3.212057054042816162e-02
-2.090330421924591064e-01
-2.052812576293945312e-01
-1.069568470120429993e-01
1.923984289169311523e-01
3.891290128231048584e-01
3.925047814846038818e-02
-1.771456152200698853e-01
3.035827577114105225e-01
-2.106655240058898926e-01
4.609584212303161621e-01
-1.022361218929290771e-01
-2.709282934665679932e-01
7.640966773033142090e-02
1.438239663839340210e-01
2.262128889560699463e-01
-7.075314968824386597e-02
3.193717002868652344e-01
-3.511752784252166748e-01
-1.962235420942306519e-01
-2.896561622619628906e-01
2.181834429502487183e-01
-5.781095027923583984e-01
1.087052002549171448e-02
2.637257277965545654e-01
-2.802743315696716309e-01
-1.139206532388925552e-02
-1.566378921270370483e-01
-6.253303587436676025e-02
2.424856722354888916e-01
4.129227995872497559e-01
-4.371161758899688721e-01
-2.308592945337295532e-02
1.293202191591262817e-01
-2.047450393438339233e-01
-1.364513635635375977e-01
3.037276566028594971e-01
-4.468633234500885010e-01
5.197886824607849121e-01
1.993456482887268066e-02
-6.765774637460708618e-02
4.136514663696289062e-01
2.362472862005233765e-01
3.363977372646331787e-01
-2.711049914360046387e-01
-1.548638194799423218e-01
5.687518715858459473e-01
3.673637658357620239e-02
5.228137224912643433e-02
1.078819185495376587e-01
-2.084356695413589478e-01
5.527755022048950195e-01
4.978637695312500000e-01
-1.717599332332611084e-01
2.438167631626129150e-01
1.630499064922332764e-01
2.060997784137725830e-01
4.482381641864776611e-01
-7.518102228641510010e-02
-3.348727226257324219e-01
4.021762311458587646e-02
5.346508622169494629e-01
-4.618003964424133301e-03
1.966464668512344360e-01
-1.482473164796829224e-01
3.674709796905517578e-02
-1.025475114583969116e-01
1.108244583010673523e-01
4.478397965431213379e-02
1.148514986038208008e+00
-1.428118348121643066e-02
5.318898558616638184e-01
3.356436789035797119e-01
2.542747855186462402e-01
-7.649692147970199585e-02
8.760812878608703613e-02
2.177041023969650269e-01
5.778269767761230469e-01
2.873121500015258789e-01
2.973389625549316406e-01
2.809554934501647949e-01
-3.992460668087005615e-03
4.816859960556030273e-01
4.446350336074829102e-01
-2.015422880649566650e-01
4.230218529701232910e-01
4.184594750404357910e-01
-5.001703500747680664e-01
-1.087970659136772156e-01
-2.693435549736022949e-02
1.372325420379638672e-01
-7.819546461105346680e-01
4.570176452398300171e-02
1.066779792308807373e-01
1.222409009933471680e-01
-4.154519438743591309e-01
2.368464916944503784e-01
-8.010691404342651367e-02
7.937376201152801514e-02
1.485791504383087158e-01
-1.165320873260498047e-01
1.820807009935379028e-01
3.737090229988098145e-01
-7.505067586898803711e-01
5.422962456941604614e-02
2.902212738990783691e-01
9.392040222883224487e-02
4.324052631855010986e-01
-1.243620812892913818e-01
3.683830499649047852e-01
3.393730223178863525e-01
1.340180337429046631e-01
-4.246446490287780762e-02
3.060461878776550293e-01
-1.458977013826370239e-01
-3.475511074066162109e-02
-1.355693101882934570e+00
1.332719624042510986e-01
-3.017534315586090088e-02
8.268598467111587524e-02
-4.250724315643310547e-01
-9.562278389930725098e-01
3.543006479740142822e-01
-4.766277670860290527e-01
4.820879995822906494e-01
4.368016123771667480e-01
-3.545245528221130371e-02
-9.117504209280014038e-02
-2.665536999702453613e-01
-3.617357015609741211e-01
-1.278623342514038086e-01
-2.621492445468902588e-01
5.184732377529144287e-02
1.403709128499031067e-02
4.283207654953002930e-02
1.956157535314559937e-01
-2.478837072849273682e-01
-1.916949898004531860e-01
1.280989944934844971e-01
-7.208808511495590210e-02
-5.082079172134399414e-01
-2.780496180057525635e-01
-4.852232933044433594e-01
1.808308362960815430e-01
-1.578279435634613037e-01
-2.794890403747558594e-01
3.732351362705230713e-01
-2.296772450208663940e-01
6.543477773666381836e-01
2.316210120916366577e-01
3.795762062072753906e-01
-3.892127871513366699e-01
-1.892093122005462646e-01
3.169397115707397461e-01
8.127319812774658203e-01
2.015801072120666504e-01
-3.758022189140319824e-01
-1.613989323377609253e-01
-3.231738209724426270e-01
-2.380630224943161011e-01
-2.419916391372680664e-01
3.782455623149871826e-01
-3.027054667472839355e-01
3.796088695526123047e-02
2.986568957567214966e-02
-3.173639178276062012e-01
-1.944269239902496338e-01
1.775204390287399292e-02
-4.448324441909790039e-01
1.568045318126678467e-01
1.052329063415527344e+00
3.288574218750000000e-01
-2.494000792503356934e-01
1.149755716323852539e-01
3.099627792835235596e-01
8.630909025669097900e-02
-3.127973973751068115e-01
-4.433252215385437012e-01
2.595473527908325195e-01
1.961358666419982910e+00
-2.326434850692749023e-01
3.711740970611572266e-01
7.206990122795104980e-01
-2.806592881679534912e-01
3.229814767837524414e-02
-2.028359472751617432e-02
-1.512434184551239014e-01
4.886534810066223145e-01
4.237191379070281982e-01
-9.748145937919616699e-03
-7.544980943202972412e-02
-2.321836203336715698e-01
-6.166372299194335938e-01
-2.659746408462524414e-01
-2.274698168039321899e-01
-2.473503351211547852e-02
-1.096796467900276184e-01
7.041745185852050781e-01
-1.345796734094619751e-01
3.686287999153137207e-01
9.797859191894531250e-02
5.743565559387207031e-01
-2.820945382118225098e-01
5.588630437850952148e-01
-1.824199706315994263e-01
-1.440071612596511841e-01
5.415597558021545410e-01
-2.207179963588714600e-01
4.144802391529083252e-01
-4.154655337333679199e-01
7.088983058929443359e-02
-5.476772189140319824e-01
2.353521585464477539e-01
4.816777706146240234e-01
-2.912956476211547852e-01
5.056040287017822266e-01
1.072081178426742554e-01
6.426852345466613770e-01
-5.386811494827270508e-01
-4.739182889461517334e-01
1.276305913925170898e-01
2.968750298023223877e-01
-4.961512088775634766e-01
9.072680026292800903e-02
-6.889849901199340820e-03
3.835340142250061035e-01
6.098812818527221680e-02
3.398182243108749390e-02
-1.492672264575958252e-01
-2.031574249267578125e-01
3.052339255809783936e-01
-2.427868843078613281e-01
7.849007248878479004e-01
-6.337208747863769531e-01
-1.241694986820220947e-01
-1.118297651410102844e-01
-8.332011103630065918e-01
3.299844861030578613e-01
-5.805996060371398926e-02
-9.921607971191406250e-01
-3.634071052074432373e-01
-6.437619775533676147e-02
1.897446960210800171e-01
1.993234902620315552e-01
2.646068334579467773e-01
-2.277352213859558105e-01
-4.446233510971069336e-01
1.817412078380584717e-01
-4.722072482109069824e-01
-4.588333070278167725e-01
-1.663053482770919800e-01
-5.332867503166198730e-01
-2.691876888275146484e-01
-3.830921649932861328e-02
-4.896475374698638916e-01
-1.426745951175689697e-01
-3.925770223140716553e-01
-2.750229835510253906e-01
-7.261958718299865723e-02
5.734101533889770508e-01
-2.638048231601715088e-01
1.363826841115951538e-01
-4.349079430103302002e-01
-1.684805601835250854e-01
-3.089889585971832275e-01
5.920454263687133789e-01
7.049170136451721191e-01
2.357993274927139282e-01
1.019030511379241943e-01
5.295737981796264648e-01
4.990020394325256348e-02
2.586635351181030273e-01
-1.371279060840606689e-01
5.616203546524047852e-01
3.807326853275299072e-01
-1.064080744981765747e-02
-1.316766906529664993e-02
-8.838238567113876343e-02
-1.871429085731506348e-01
-4.638784825801849365e-01
1.825284957885742188e-02
-4.307325780391693115e-01
-9.352492541074752808e-02
-2.436510026454925537e-01
-3.037416338920593262e-01
1.422352790832519531e-01
-8.842489123344421387e-01
-2.564601898193359375e-01
-2.353874444961547852e-01
1.375966519117355347e-01
1.012482047080993652e+00
-2.127444744110107422e-01
-1.792114228010177612e-01
3.508719801902770996e-01
5.491701886057853699e-04
-1.711367070674896240e-02
-2.788393795490264893e-01
7.061523851007223129e-03
-2.201597392559051514e-01
1.620602905750274658e-01
5.583264678716659546e-02
9.735666215419769287e-02
-2.182997167110443115e-01
9.611379355192184448e-02
-4.680173397064208984e-01
3.535072207450866699e-01
-4.742786884307861328e-01
1.077416539192199707e-02
-2.809157371520996094e-01
-1.661761850118637085e-01
-3.264847397804260254e-01
2.329500913619995117e-01
7.099644094705581665e-02
-8.732335269451141357e-02
4.028902947902679443e-01
-9.075243026018142700e-03
1.354986429214477539e-02
-2.100374847650527954e-01
-5.450683832168579102e-01
-4.470673799514770508e-01
-1.153621375560760498e-01
7.048366069793701172e-01
8.621545135974884033e-02
4.112313389778137207e-01
5.740382075309753418e-01
-1.002412810921669006e-01
1.893697082996368408e-01
3.734520077705383301e-02
7.789512872695922852e-01
4.236638545989990234e-01
-2.407316863536834717e-01
-3.770551383495330811e-01
-4.328297376632690430e-01
-5.622948408126831055e-01
-3.176830112934112549e-01
2.818737030029296875e-01
1.235488504171371460e-01
3.629535138607025146e-01
2.444865107536315918e-01
-3.374880552291870117e-01
-2.472893893718719482e-02
2.142416685819625854e-01
-4.383298456668853760e-01
-2.646183967590332031e-01
-5.014649629592895508e-01
1.551122963428497314e-02
6.048155948519706726e-02
-4.026374220848083496e-01
1.060272753238677979e-01
-1.266534179449081421e-01
-1.770022660493850708e-01
-4.521185755729675293e-01
-1.562267243862152100e-01
2.846064269542694092e-01
3.014480173587799072e-01
-1.776679158210754395e-01
-3.398716449737548828e-02
-4.084476530551910400e-01
8.108045160770416260e-02
-3.899430111050605774e-02
-1.770963519811630249e-01
1.458634436130523682e-01
-1.766436398029327393e-01
1.885262280702590942e-01
-7.733975648880004883e-01
1.290671527385711670e-02
2.448308169841766357e-01
7.547910213470458984e-01
-1.387977898120880127e-01
1.421265006065368652e-01
