3.017254173755645752e-02
-3.963370919227600098e-01
-1.305649280548095703e-01
4.657170772552490234e-01
-2.136563956737518311e-01
2.342155277729034424e-01
1.963137686252593994e-01
3.361312448978424072e-01
-6.884530931711196899e-02
5.926200747489929199e-01
-9.813427925109863281e-02
8.469765186309814453e-01
3.467958271503448486e-01
3.137264251708984375e-01
-4.739236533641815186e-01
1.930792331695556641e-01
1.152021169662475586e+00
5.102791786193847656e-01
1.809494197368621826e-01
1.707932353019714355e-02
-1.304134488105773926e+00
-3.797651827335357666e-01
-5.842254310846328735e-02
-9.765729308128356934e-01
-4.608932435512542725e-01
1.303039491176605225e-01
-6.751388907432556152e-01
6.347023248672485352e-01
-4.141656756401062012e-01
8.423820137977600098e-01
3.332559466361999512e-01
1.257888376712799072e-01
5.091674327850341797e-01
6.636379957199096680e-01
8.920699357986450195e-02
-5.997537076473236084e-02
-2.079155147075653076e-01
6.413160264492034912e-02
-1.188877150416374207e-01
9.752084016799926758e-01
-3.521296083927154541e-01
1.223332434892654419e-01
2.251857072114944458e-01
3.329028189182281494e-02
1.427021622657775879e-01
-4.539742469787597656e-01
3.179382085800170898e-01
4.005131721496582031e-01
6.595436930656433105e-01
-3.783197402954101562e-01
3.365597128868103027e-01
1.121604144573211670e-01
5.025227367877960205e-02
1.556742191314697266e-02
1.219132468104362488e-01
-2.917527854442596436e-01
-4.083416759967803955e-01
3.978288173675537109e-01
-6.050366163253784180e-02
1.726745367050170898e-01
7.450081110000610352e-01
2.543016150593757629e-02
-2.446836829185485840e-01
-2.684045433998107910e-01
-4.051012992858886719e-01
-1.396490931510925293e-01
-4.748400300741195679e-02
3.903892636299133301e-01
-9.752386808395385742e-02
-1.717904210090637207e-01
-3.721401989459991455e-01
-1.610574722290039062e-01
-4.941273331642150879e-01
1.621914505958557129e-01
-1.249348521232604980e-01
6.608940362930297852e-01
-5.178470611572265625e-01
-9.789709746837615967e-02
-2.662041783332824707e-01
1.913312673568725586e-01
-6.261094659566879272e-02
-3.708752393722534180e-01
-4.390428662300109863e-01
-4.861636161804199219e-01
-3.534600138664245605e-02
-1.168691366910934448e-01
2.019395530223846436e-01
-2.494499683380126953e-01
2.510405182838439941e-01
-1.859417706727981567e-01
2.198227792978286743e-01
3.383100330829620361e-01
-5.298885822296142578e+00
-6.225876510143280029e-03
3.131679296493530273e-01
3.441488444805145264e-01
1.224435418844223022e-01
4.814262390136718750e-01
-2.036656439304351807e-01
1.314979791641235352e-01
3.784922957420349121e-01
-8.325228095054626465e-01
1.817249506711959839e-01
-2.080426812171936035e-01
-5.178433656692504883e-01
8.127011060714721680e-01
-1.428739130496978760e-01
-1.715030819177627563e-01
-1.191967576742172241e-01
-1.717916578054428101e-01
-5.237802118062973022e-02
1.076271772384643555e+00
-5.319548845291137695e-01
-1.244094371795654297e-01
-4.355561137199401855e-01
2.817977070808410645e-01
-1.014459133148193359e-01
-1.690218895673751831e-01
5.427863001823425293e-01
-2.264317870140075684e-01
5.622453093528747559e-01
6.903634965419769287e-02
-4.912193119525909424e-02
2.326995432376861572e-01
2.145500332117080688e-01
-1.279781609773635864e-01
-1.449599862098693848e-02
2.378815561532974243e-01
-3.104886710643768311e-01
-6.150493621826171875e-01
6.201282143592834473e-03
2.526590526103973389e-01
2.490919083356857300e-02
8.016366362571716309e-01
4.628341495990753174e-01
-1.896596550941467285e-01
4.603330492973327637e-01
1.667467504739761353e-01
-2.361297905445098877e-01
5.865546464920043945e-01
-6.804566085338592529e-02
1.988492906093597412e-02
-2.813332974910736084e-01
3.150229156017303467e-01
-4.393105208873748779e-01
7.739442586898803711e-01
3.046564757823944092e-01
1.654165238142013550e-01
-3.474235534667968750e-02
1.215755343437194824e-01
-3.754247725009918213e-02
-3.355308771133422852e-01
-2.809369564056396484e-02
-2.527932524681091309e-01
-2.807742357254028320e-01
1.689569503068923950e-01
-1.486103981733322144e-02
-1.516092866659164429e-01
-7.628905773162841797e-02
-1.584026664495468140e-01
-7.082316279411315918e-02
4.485388100147247314e-02
2.561280429363250732e-01
-3.669801354408264160e-01
4.387991428375244141e-01
4.338842630386352539e-01
-7.976630330085754395e-02
-4.348490834236145020e-01
-5.883889198303222656e-01
3.045408725738525391e-01
-3.564022481441497803e-02
-5.402632951736450195e-01
4.786852598190307617e-01
1.077756285667419434e-02
7.480246573686599731e-02
1.186916232109069824e-01
3.119455873966217041e-01
4.757681787014007568e-01
8.306220173835754395e-01
6.836769729852676392e-02
4.030311405658721924e-01
-3.630822002887725830e-01
8.498609066009521484e-02
3.952686488628387451e-01
1.950206756591796875e-01
-3.919574618339538574e-01
2.009910196065902710e-01
-4.946607351303100586e-01
7.527551054954528809e-02
1.812267452478408813e-01
-4.057444632053375244e-01
-2.267206758260726929e-01
2.382542565464973450e-02
6.526433676481246948e-02
8.475883007049560547e-01
-6.834180355072021484e-01
-2.269620262086391449e-02
-2.291083931922912598e-01
3.850276470184326172e-01
2.188977152109146118e-01
1.139667928218841553e-01
1.454646140336990356e-02
2.280058264732360840e-01
-4.025720804929733276e-02
3.762365579605102539e-01
2.692612409591674805e-01
-4.292979836463928223e-03
4.233166873455047607e-01
3.681572675704956055e-01
1.304592192173004150e-02
1.466112583875656128e-01
4.659950137138366699e-01
7.657922059297561646e-02
4.824247956275939941e-01
4.360811412334442139e-01
-1.937550753355026245e-01
1.091575697064399719e-01
-7.124036550521850586e-02
3.104167580604553223e-01
4.587828218936920166e-01
3.356153070926666260e-01
-2.748993635177612305e-01
-4.709872603416442871e-01
2.454924583435058594e-02
-1.100929379463195801e-01
3.193420767784118652e-01
-1.889758110046386719e-01
-1.689162403345108032e-01
5.309119820594787598e-02
-2.909363508224487305e-01
1.220906972885131836e-01
1.555947959423065186e-01
-3.098552823066711426e-01
-4.704331457614898682e-01
1.629930287599563599e-01
5.928142070770263672e-01
5.118684768676757812e-01
2.327504009008407593e-02
-5.531617403030395508e-01
-5.262770652770996094e-01
1.631722599267959595e-01
1.817436367273330688e-01
-1.959853172302246094e-01
2.801727503538131714e-02
9.780368208885192871e-02
-1.534624695777893066e-01
3.004217743873596191e-01
4.347065687179565430e-01
3.156069219112396240e-01
-5.397304892539978027e-03
3.407652378082275391e-01
-3.243765830993652344e-01
-1.032315045595169067e-01
-7.962920516729354858e-02
-6.833443045616149902e-02
3.683018386363983154e-01
3.941344320774078369e-01
2.642888426780700684e-01
-8.482413291931152344e-01
-1.983699202537536621e-02
-2.714946866035461426e-01
-1.278491020202636719e-01
-1.219280660152435303e-01
2.001596540212631226e-01
-3.268527388572692871e-01
-5.600839853286743164e-03
-3.492454290390014648e-01
-3.052447438240051270e-01
2.254902720451354980e-01
5.011277645826339722e-02
-2.324049919843673706e-02
1.438381373882293701e-01
-4.232838749885559082e-01
5.131205916404724121e-02
-2.263182401657104492e-01
2.529616951942443848e-01
4.067163765430450439e-01
-1.021496951580047607e-01
2.721528708934783936e-01
4.343015253543853760e-01
1.596190482378005981e-01
2.691035866737365723e-01
3.522471711039543152e-02
-4.574857950210571289e-01
-3.231382966041564941e-01
2.498442977666854858e-01
4.641276597976684570e-01
-4.228130578994750977e-01
-1.976959407329559326e-03
6.696859747171401978e-02
3.734467625617980957e-01
-3.960029035806655884e-02
-8.137128949165344238e-01
-2.568425983190536499e-02
-5.957061052322387695e-01
1.500709056854248047e-01
-1.025437340140342712e-01
4.339753687381744385e-01
1.802110671997070312e-02
-5.335219949483871460e-02
2.581818029284477234e-02
-3.225722312927246094e-01
9.707285463809967041e-02
-2.643576860427856445e-01
1.612965911626815796e-01
-2.786905169486999512e-01
5.240333676338195801e-01
1.609231233596801758e-01
3.310619592666625977e-01
-1.032023727893829346e-01
-2.110559493303298950e-01
3.222486674785614014e-01
8.009612560272216797e-01
-1.081485301256179810e-01
3.084106743335723877e-01
-4.232974946498870850e-01
2.497614771127700806e-01
-6.739179044961929321e-02
-2.068921625614166260e-01
6.800791621208190918e-01
3.708173632621765137e-01
1.161658287048339844e+00
2.103753089904785156e-01
1.461716294288635254e-01
2.377099841833114624e-01
3.700975477695465088e-01
6.153105497360229492e-01
4.861205816268920898e-01
-9.815602004528045654e-02
-1.475830376148223877e-02
1.318376213312149048e-01
1.375636756420135498e-01
5.687956809997558594e-01
-3.428285419940948486e-01
3.002583980560302734e-02
-4.183672666549682617e-01
-5.094366669654846191e-01
-4.912571310997009277e-01
7.200212776660919189e-02
2.533454895019531250e-01
2.887613326311111450e-02
6.293897628784179688e-01
3.946411609649658203e-01
8.585649728775024414e-02
1.685518175363540649e-01
1.179331541061401367e-02
1.424235403537750244e-01
4.444806575775146484e-01
-1.116640046238899231e-01
1.041596531867980957e-01
-1.998374611139297485e-01
1.011219620704650879e-01
-1.714374721050262451e-01
-4.169692397117614746e-01
2.029860615730285645e-01
2.272702753543853760e-01
3.938477933406829834e-01
-1.298990249633789062e-01
2.727673351764678955e-01
-1.422265768051147461e-01
-7.561263442039489746e-02
-3.738541603088378906e-01
-3.232752382755279541e-01
-1.134805977344512939e-01
-1.176825404167175293e+00
6.627712845802307129e-01
-4.226212203502655029e-02
6.599327325820922852e-01
2.676087617874145508e-01
7.053235918283462524e-02
1.994653046131134033e-01
1.381748318672180176e-01
-1.995301619172096252e-02
-1.814614832401275635e-01
-2.330483943223953247e-01
-1.719318926334381104e-01
5.405741930007934570e-01
-2.222143709659576416e-01
1.091145426034927368e-01
-3.084729909896850586e-01
-2.954879999160766602e-01
-1.929625272750854492e-01
-1.744699776172637939e-01
-5.028159022331237793e-01
-1.644700914621353149e-01
-1.195014044642448425e-01
-4.283033907413482666e-01
1.116615906357765198e-02
3.312321901321411133e-01
-1.095387488603591919e-01
-3.709399402141571045e-01
-4.493795037269592285e-01
-1.918737590312957764e-01
3.602848649024963379e-01
-2.190936356782913208e-01
-2.865410447120666504e-01
1.043721139430999756e-01
1.074204295873641968e-01
-8.524197340011596680e-02
-4.033123254776000977e-01
2.869846224784851074e-01
-1.506341993808746338e-01
-9.010858535766601562e-01
-4.926570057868957520e-01
-3.976908028125762939e-01
-2.902490496635437012e-01
2.655425667762756348e-02
5.704813599586486816e-01
4.859323054552078247e-02
-4.132580459117889404e-01
-5.523610115051269531e-01
-4.200851321220397949e-01
3.686098456382751465e-01
4.693733453750610352e-01
-3.007385432720184326e-01
2.627778053283691406e-01
-9.454534649848937988e-01
-2.271036207675933838e-01
-6.742145121097564697e-02
-1.130720153450965881e-01
3.197794258594512939e-01
1.740190237760543823e-01
1.484965384006500244e-01
5.745025873184204102e-01
-6.561694294214248657e-02
-3.494136035442352295e-01
-6.595109701156616211e-01
6.041346788406372070e-01
-2.361518144607543945e+00
-2.115691751241683960e-01
-1.047759354114532471e-01
-2.899789512157440186e-01
6.482570767402648926e-01
-3.730368614196777344e-01
6.597009301185607910e-02
1.140156090259552002e-01
2.238212376832962036e-01
3.811177611351013184e-01
5.315400660037994385e-02
-7.593938708305358887e-02
3.864327669143676758e-01
2.021555006504058838e-01
-5.994219332933425903e-02
7.373935580253601074e-01
3.148905187845230103e-02
2.481363266706466675e-01
-1.906380504369735718e-01
-2.844152450561523438e-01
-7.363546639680862427e-02
-5.430006980895996094e-01
-2.518503367900848389e-01
1.911700069904327393e-01
-1.460777074098587036e-01
-4.048671722412109375e-01
-2.459606826305389404e-01
2.161822468042373657e-01
-2.221829742193222046e-01
-4.759995639324188232e-02
-4.376177787780761719e-01
-5.715208053588867188e-01
-1.973365545272827148e-01
-2.560183405876159668e-01
4.574593305587768555e-01
-1.169621944427490234e-03
-2.522556483745574951e-02
2.469082921743392944e-01
-7.637997865676879883e-01
1.196787953376770020e-01
-5.094411373138427734e-01
7.871484011411666870e-02
-4.525197148323059082e-01
-6.904163956642150879e-02
7.941528409719467163e-02
-2.889844775199890137e-01
2.808239161968231201e-01
1.253715157508850098e-01
1.783767342567443848e-01
2.113773375749588013e-01
-1.901423484086990356e-01
-7.914706319570541382e-02
-1.785926967859268188e-01
-5.479409098625183105e-01
1.716703325510025024e-01
-6.877871155738830566e-01
1.355748176574707031e-01
1.516250669956207275e-01
2.892059385776519775e-01
3.645383119583129883e-01
-3.217971622943878174e-01
-1.219959929585456848e-01
6.693589687347412109e-01
-2.673448622226715088e-01
6.053830683231353760e-02
1.441434174776077271e-01
4.550626873970031738e-01
-3.529078364372253418e-01
-1.343460828065872192e-01
-3.405713438987731934e-01
2.819503843784332275e-02
1.246824190020561218e-01
1.899051070213317871e-01
-1.954047977924346924e-01
-1.691038012504577637e-01
4.676893651485443115e-01
-6.526175737380981445e-01
2.059315294027328491e-01
3.766994923353195190e-02
-2.377161532640457153e-01
-1.781995296478271484e-01
1.288695782423019409e-01
-1.493120491504669189e-01
-1.242581009864807129e-01
