8.725656569004058838e-02
-3.491688370704650879e-01
4.943065345287322998e-02
1.157780736684799194e-01
-3.645410239696502686e-01
7.023735642433166504e-01
-5.637049674987792969e-02
1.051341891288757324e-01
-5.346392393112182617e-01
-1.260372996330261230e-01
-3.825861215591430664e-01
2.699254751205444336e-01
4.789441823959350586e-01
-2.000691443681716919e-01
-3.595733940601348877e-01
3.267782628536224365e-01
1.605846881866455078e+00
-2.563163340091705322e-01
-2.123108655214309692e-01
-2.397265434265136719e-01
-1.497280120849609375e+00
-6.569537520408630371e-01
-7.652610540390014648e-01
-2.560039162635803223e-01
-2.816027402877807617e-01
5.835494399070739746e-01
4.072496294975280762e-02
-2.816998958587646484e-01
-6.875616312026977539e-02
2.368236780166625977e-01
-2.135512828826904297e-01
-2.277130335569381714e-01
1.540841907262802124e-01
-3.648224472999572754e-02
2.809413969516754150e-01
-3.907284736633300781e-01
-4.518453776836395264e-01
-2.853381037712097168e-01
-1.380200237035751343e-01
5.455431938171386719e-01
1.783999651670455933e-01
-2.308892607688903809e-01
-1.575058102607727051e-01
-1.523767411708831787e-02
1.052385270595550537e-01
-9.528347849845886230e-01
7.653643190860748291e-02
-4.820795357227325439e-02
2.192445397377014160e-01
-2.327267527580261230e-01
3.111281991004943848e-01
-6.747959852218627930e-01
2.761039137840270996e-01
5.839793384075164795e-02
3.992666304111480713e-02
-1.226551085710525513e-01
2.255121469497680664e-01
4.245238304138183594e-01
-8.193258941173553467e-02
3.105629682540893555e-01
2.310446351766586304e-01
-8.493545651435852051e-02
-2.264828383922576904e-01
2.395609468221664429e-01
-1.923485398292541504e-01
-7.762746810913085938e-01
3.289113640785217285e-01
7.681691646575927734e-01
3.205282390117645264e-01
-5.967506170272827148e-01
-4.413125514984130859e-01
-2.373902797698974609e-01
-3.510524034500122070e-01
2.102854847908020020e-01
2.047887891530990601e-01
-4.827381670475006104e-02
4.979161545634269714e-02
-8.139391243457794189e-02
-1.029369533061981201e-01
6.659427881240844727e-01
3.865098953247070312e-01
-7.659151554107666016e-01
4.142552316188812256e-01
-1.089217185974121094e+00
2.120596468448638916e-01
-1.163655817508697510e-01
-2.311204373836517334e-01
7.427616417407989502e-02
4.867438226938247681e-02
4.935128241777420044e-02
2.023458480834960938e-01
5.859778076410293579e-02
-4.773478507995605469e+00
-1.110045313835144043e-01
1.980308592319488525e-01
5.243722796440124512e-01
9.729065001010894775e-02
7.312147319316864014e-02
-4.415429234504699707e-01
9.167850613594055176e-01
3.865729272365570068e-01
-6.963260769844055176e-01
4.868231117725372314e-01
4.111211001873016357e-01
-8.452441692352294922e-01
4.382981657981872559e-01
-4.189909696578979492e-01
-4.909407496452331543e-01
1.415717303752899170e-01
5.605648756027221680e-01
-1.563171148300170898e-01
7.625263929367065430e-01
-3.713813424110412598e-01
3.907491564750671387e-01
-1.375161111354827881e-02
4.790134429931640625e-01
2.739071846008300781e-01
8.225146681070327759e-02
1.848231703042984009e-01
-5.253899097442626953e-01
4.934692382812500000e-01
-5.502095073461532593e-02
-1.698586642742156982e-01
2.525526285171508789e-01
7.552695870399475098e-01
-8.426934480667114258e-02
-1.748782545328140259e-01
4.920362532138824463e-01
6.378880143165588379e-02
-3.472803235054016113e-01
-1.661504209041595459e-01
4.836120903491973877e-01
-1.147821694612503052e-01
7.211246490478515625e-01
6.373098492622375488e-01
-3.829751908779144287e-02
3.045014739036560059e-01
-1.315511763095855713e-01
-2.736317813396453857e-01
1.891865581274032593e-01
-1.839699596166610718e-01
2.650926411151885986e-01
-5.667592287063598633e-01
2.653520703315734863e-01
-4.533489644527435303e-01
6.069408655166625977e-01
-2.016573399305343628e-02
6.700596809387207031e-01
-3.612488508224487305e-01
1.309397518634796143e-01
3.005613088607788086e-01
-2.734803557395935059e-01
1.341086328029632568e-01
-1.973453313112258911e-01
-4.760821461677551270e-01
-1.442105770111083984e-01
4.256690442562103271e-01
4.373261332511901855e-01
1.561911031603813171e-02
-2.099154144525527954e-01
-6.720024347305297852e-01
7.103754281997680664e-01
3.376491069793701172e-01
-5.337504744529724121e-01
5.420252084732055664e-01
1.990899443626403809e-03
-6.612696647644042969e-01
-1.594471633434295654e-01
1.207480877637863159e-01
5.851274728775024414e-02
2.461040616035461426e-01
-7.149382680654525757e-02
-9.411690384149551392e-02
3.638777732849121094e-01
2.989841401576995850e-01
8.361723423004150391e-01
4.451990425586700439e-01
5.006112158298492432e-02
8.163776397705078125e-01
-3.057888150215148926e-01
3.660955727100372314e-01
-2.786142826080322266e-01
2.521387338638305664e-01
-5.826795101165771484e-01
3.039054870605468750e-01
4.214605689048767090e-01
2.960668802261352539e-01
3.017288446426391602e-01
-2.360142953693866730e-02
-9.800200909376144409e-02
3.245800733566284180e-03
-4.630523025989532471e-01
6.875854730606079102e-02
-2.445981502532958984e-01
6.288489103317260742e-01
-4.501200467348098755e-02
1.048654615879058838e-01
-6.539475917816162109e-01
5.363558232784271240e-02
1.823482215404510498e-01
1.106704175472259521e-01
4.920962825417518616e-02
2.027286291122436523e-01
4.454703330993652344e-01
-1.228257194161415100e-01
-1.611229777336120605e-02
-5.060092806816101074e-01
3.742396533489227295e-01
2.498740255832672119e-01
-2.372421324253082275e-02
7.120110094547271729e-02
6.169013977050781250e-01
4.349154233932495117e-02
2.831841409206390381e-01
1.834891736507415771e-01
2.367042154073715210e-01
2.172450721263885498e-02
5.128188133239746094e-01
2.498004734516143799e-01
4.514835774898529053e-01
6.236108541488647461e-01
-1.895018815994262695e-01
2.453653812408447266e-01
-1.272356510162353516e-01
-1.496037840843200684e-01
4.680703282356262207e-01
-2.098677009344100952e-01
-2.455781996250152588e-01
2.656374871730804443e-01
-4.026185274124145508e-01
1.258260309696197510e-01
1.293991506099700928e-02
9.468652307987213135e-02
-4.512054026126861572e-01
2.557376027107238770e-01
7.143291234970092773e-01
5.235692262649536133e-01
-2.458016574382781982e-02
-2.415730804204940796e-01
-2.045435607433319092e-01
-3.532346338033676147e-02
2.613722681999206543e-01
-6.027716398239135742e-02
-5.159001350402832031e-01
-2.993859946727752686e-01
4.717001318931579590e-02
-7.394580543041229248e-02
4.361206293106079102e-01
-2.407467067241668701e-01
-7.675379514694213867e-02
2.694629430770874023e-01
-7.029051184654235840e-01
-1.839031577110290527e-01
-1.764174103736877441e-01
-4.261240363121032715e-02
4.198490977287292480e-01
1.739385277032852173e-01
5.143847465515136719e-01
7.744451761245727539e-01
-3.907920122146606445e-01
5.084923505783081055e-01
1.777697354555130005e-02
-2.526029348373413086e-01
7.177473306655883789e-01
-4.735828638076782227e-01
-4.622875452041625977e-01
-5.684251189231872559e-01
1.719674915075302124e-01
5.210426449775695801e-01
-8.947993069887161255e-02
1.845843493938446045e-01
3.424657881259918213e-01
-9.102143347263336182e-02
-3.068648278713226318e-02
-2.245799303054809570e-01
1.707870960235595703e-01
-5.295415967702865601e-02
6.920750439167022705e-02
3.450457155704498291e-01
4.017871618270874023e-01
-3.576451539993286133e-01
4.819659888744354248e-01
1.606696397066116333e-01
1.376657485961914062e-01
-2.025339007377624512e-01
3.629711270332336426e-01
8.513450622558593750e-02
-3.203299045562744141e-01
2.450229972600936890e-01
-2.098080813884735107e-01
1.870059370994567871e-01
7.764237374067306519e-02
1.122279763221740723e-01
-1.709247827529907227e-01
6.462712585926055908e-02
-1.991493701934814453e-01
7.582131624221801758e-01
5.501195788383483887e-02
2.620918750762939453e-01
-2.605519592761993408e-01
-4.740663766860961914e-01
2.449613064527511597e-01
3.500646650791168213e-01
1.491421461105346680e-02
-1.926939487457275391e-01
1.146581545472145081e-01
1.406533718109130859e-01
5.230574607849121094e-01
1.534357368946075439e-01
7.859642803668975830e-02
1.305145919322967529e-01
2.100297212600708008e-01
7.208231687545776367e-01
-4.530857503414154053e-02
1.654389351606369019e-01
1.270778924226760864e-01
1.030156165361404419e-01
1.971524059772491455e-01
1.007755398750305176e-01
-6.506575644016265869e-02
-1.252463459968566895e-01
1.675001144409179688e+00
-3.093651533126831055e-01
-5.447501689195632935e-02
3.317779600620269775e-01
2.375959008932113647e-01
-6.330401301383972168e-01
-2.959164083003997803e-01
-2.768659591674804688e-01
-1.864102780818939209e-01
-2.138245552778244019e-01
1.437113434076309204e-02
4.276994764804840088e-01
-7.611546516418457031e-01
-2.284769564867019653e-01
1.693545579910278320e-01
2.201771438121795654e-01
-2.486707568168640137e-01
6.071116030216217041e-02
2.199769020080566406e-02
3.543996810913085938e-01
3.405044227838516235e-02
5.354812145233154297e-01
-2.664362490177154541e-01
2.040866762399673462e-01
2.744818329811096191e-01
5.315390825271606445e-01
4.554064869880676270e-01
-5.961576700210571289e-01
4.286023601889610291e-02
-4.233380407094955444e-02
2.930200695991516113e-01
1.982498168945312500e-01
1.169306039810180664e-01
3.396645486354827881e-01
1.184011995792388916e-02
1.879904568195343018e-01
-3.305796384811401367e-01
8.591534942388534546e-02
1.764764785766601562e-01
1.657525151968002319e-01
-4.851677417755126953e-01
-2.003865092992782593e-01
6.198841333389282227e-01
-8.299753069877624512e-01
3.728009760379791260e-02
1.836288571357727051e-01
5.709123611450195312e-01
3.682458996772766113e-01
-5.170086622238159180e-01
-3.603831827640533447e-01
-2.195336818695068359e-01
-1.227913051843643188e-02
5.082211494445800781e-01
-1.658353805541992188e-01
4.855129420757293701e-01
3.014745116233825684e-01
2.400674521923065186e-01
1.340672373771667480e-02
-1.594765484333038330e-01
-3.782951086759567261e-02
-7.546402513980865479e-02
-2.951185107231140137e-01
-3.668868541717529297e-01
-2.277094721794128418e-01
2.445983588695526123e-01
4.359777569770812988e-01
1.928954422473907471e-01
-1.947106570005416870e-01
7.289599776268005371e-01
-5.627327561378479004e-01
-4.218419194221496582e-01
7.265689373016357422e-01
1.071370840072631836e-01
-3.798539042472839355e-01
-2.015010416507720947e-01
2.910273671150207520e-01
-2.635360062122344971e-01
-3.363146483898162842e-01
-2.707712352275848389e-01
-3.974020481109619141e-03
1.206815168261528015e-01
5.864553153514862061e-02
-9.210242331027984619e-02
-3.266114294528961182e-01
-3.960191607475280762e-01
-1.739692687988281250e-02
-4.168331921100616455e-01
7.132470011711120605e-01
-8.901914954185485840e-02
-5.043962597846984863e-01
-6.642378866672515869e-04
2.707424759864807129e-01
6.886876225471496582e-01
-2.891086935997009277e-01
6.770492792129516602e-01
-1.956577599048614502e-01
-2.147375643253326416e-01
3.125944137573242188e-01
-4.453029036521911621e-01
1.932944357395172119e-01
2.462911754846572876e-01
8.638676255941390991e-02
8.047316074371337891e-01
3.017827868461608887e-03
1.685730516910552979e-01
-1.095224916934967041e-01
1.000150963664054871e-01
-2.488321542739868164e+00
1.597817093133926392e-01
-2.403503954410552979e-01
-4.979431331157684326e-01
8.319845199584960938e-01
-3.672114610671997070e-01
3.182344138622283936e-01
-3.376851975917816162e-02
-9.174427390098571777e-02
-5.359744653105735779e-02
2.416475713253021240e-01
-2.093095481395721436e-01
3.152834773063659668e-01
8.635562658309936523e-02
-3.762352466583251953e-02
3.444158136844635010e-01
-2.970576882362365723e-01
9.316703677177429199e-02
-2.024664133787155151e-01
-1.453489959239959717e-01
-2.121785283088684082e-01
-8.059484958648681641e-01
2.083662748336791992e-01
3.999466896057128906e-01
2.199648320674896240e-01
-7.763108611106872559e-01
-1.830312162637710571e-01
2.696112990379333496e-01
-3.649656474590301514e-01
2.129315733909606934e-01
-1.265328824520111084e-01
2.251781225204467773e-01
2.249130010604858398e-01
-3.790439367294311523e-01
1.850168406963348389e-02
2.911366522312164307e-02
-2.784870564937591553e-01
1.993932425975799561e-01
-3.607049584388732910e-01
-4.731528759002685547e-01
1.320145577192306519e-01
9.013331681489944458e-02
2.033226639032363892e-01
-5.658654868602752686e-02
-1.091566607356071472e-01
-6.294527649879455566e-02
1.577668190002441406e-01
2.671291306614875793e-02
3.139357864856719971e-01
5.366801619529724121e-01
2.194678187370300293e-01
3.635891675949096680e-01
-6.873020529747009277e-02
-6.120053529739379883e-01
9.504075348377227783e-02
5.180728435516357422e-02
1.489151269197463989e-01
5.842442512512207031e-01
-2.274380326271057129e-01
5.403445959091186523e-01
-3.747006952762603760e-01
-4.246198534965515137e-01
2.824202477931976318e-01
-1.166421175003051758e-02
-1.058080270886421204e-01
1.278530806303024292e-01
4.123535752296447754e-02
-1.773107647895812988e-01
-3.405225872993469238e-01
-3.568458557128906250e-01
-3.200758695602416992e-01
-4.556583762168884277e-01
1.363319754600524902e-01
2.131357491016387939e-01
-1.400026232004165649e-01
5.893654227256774902e-01
-1.254167109727859497e-01
5.436437726020812988e-01
-1.975533962249755859e-01
-3.534586727619171143e-02
-3.544443249702453613e-01
4.392429888248443604e-01
-3.630914688110351562e-01
5.487982928752899170e-02
