5.644818544387817383e-01
-6.532281637191772461e-03
-1.866964995861053467e-02
-4.527267813682556152e-01
1.948249489068984985e-01
2.683513164520263672e-01
3.958474993705749512e-01
4.602675139904022217e-02
-2.369284629821777344e-05
-3.894710168242454529e-02
3.388192951679229736e-01
8.305662870407104492e-02
-1.148940920829772949e-01
-1.593209058046340942e-01
3.163984119892120361e-01
-2.880138754844665527e-01
1.289606094360351562e-03
4.797424674034118652e-01
-1.976001262664794922e-02
1.764066070318222046e-01
4.587999582290649414e-01
1.026794314384460449e-03
5.021182075142860413e-02
-1.040136516094207764e-01
-1.508520245552062988e-01
1.789531111717224121e-01
5.468968749046325684e-01
-3.747364878654479980e-01
8.604937791824340820e-02
-1.755853444337844849e-01
-1.354246586561203003e-01
-8.186206817626953125e-01
-7.436729967594146729e-02
4.050128161907196045e-02
-5.298241972923278809e-02
3.372564911842346191e-01
-1.932662725448608398e-01
-8.799188584089279175e-02
-1.391875743865966797e-01
1.011397838592529297e+00
1.226303726434707642e-02
3.083035945892333984e-01
1.666095852851867676e-01
-2.864360809326171875e-01
3.122303485870361328e-01
-1.638278484344482422e+00
7.970854640007019043e-02
-1.063349545001983643e-01
2.312014698982238770e-01
2.820637077093124390e-03
-2.317060232162475586e-01
-6.731571257114410400e-02
-1.905707418918609619e-01
1.495252847671508789e-01
-1.839841455221176147e-01
-3.368971049785614014e-01
-1.284069865942001343e-01
3.059023916721343994e-01
-4.736106470227241516e-02
-6.152927875518798828e-01
-5.300235003232955933e-02
-3.393239676952362061e-01
2.134823203086853027e-01
4.525901377201080322e-02
4.317514598369598389e-02
-3.370097279548645020e-01
-4.573521614074707031e-01
-1.072311401367187500e+00
2.646398842334747314e-01
1.933421939611434937e-01
-1.722235083580017090e-01
-6.816679239273071289e-02
-2.627471089363098145e-01
5.077967047691345215e-01
-1.164969652891159058e-01
-4.209391772747039795e-04
-2.192540466785430908e-01
1.562095433473587036e-01
3.714719414710998535e-01
-2.757417261600494385e-01
6.206257939338684082e-01
1.001890659332275391e+00
9.448532760143280029e-02
-3.812358379364013672e-01
-3.002763390541076660e-01
3.661571443080902100e-01
3.707186281681060791e-01
-1.371047794818878174e-01
4.239147901535034180e-01
-6.950792670249938965e-01
3.536617159843444824e-01
-2.746645212173461914e-01
-3.473494291305541992e+00
8.239655196666717529e-02
-1.587999910116195679e-01
2.006036043167114258e-01
-1.762659251689910889e-01
-2.077794373035430908e-01
-2.276974916458129883e-02
5.377353429794311523e-01
-1.560568809509277344e-02
1.537386029958724976e-01
1.593142896890640259e-01
1.361816748976707458e-02
-5.243424773216247559e-01
-5.677479878067970276e-02
-2.321281909942626953e+00
-5.401609465479850769e-02
-5.471295118331909180e-02
9.786112606525421143e-02
-1.032948717474937439e-01
-2.383439838886260986e-01
-2.584828436374664307e-02
3.340192884206771851e-02
6.538871526718139648e-01
-1.078668422996997833e-02
3.411536663770675659e-02
1.931211948394775391e-01
2.254957556724548340e-01
-4.061620235443115234e-01
2.403457462787628174e-01
9.929959177970886230e-01
-6.899393796920776367e-01
1.090865135192871094e-01
-3.285387754440307617e-01
-6.143094301223754883e-01
1.672121584415435791e-01
3.402668982744216919e-02
-1.341286301612854004e-01
-6.479059457778930664e-01
2.770367264747619629e-01
4.010534286499023438e-01
-3.412680327892303467e-01
6.962437629699707031e-01
2.317049801349639893e-01
3.485256433486938477e-02
3.886471986770629883e-01
3.522650897502899170e-02
-2.821592092514038086e-01
2.744492292404174805e-01
-1.128445342183113098e-01
-3.396097719669342041e-01
-3.356672823429107666e-02
-2.817974686622619629e-01
-3.187608420848846436e-01
-1.612808406352996826e-01
-1.315983831882476807e-01
2.974081039428710938e-02
-4.864770472049713135e-01
8.330749273300170898e-01
-4.087490439414978027e-01
3.950049281120300293e-01
4.901183843612670898e-01
2.237489968538284302e-01
-3.473937138915061951e-02
-8.089929819107055664e-02
1.097840815782546997e-02
-1.529662013053894043e-01
6.617550551891326904e-02
1.045715361833572388e-01
-1.857070475816726685e-01
-3.925553858280181885e-01
-4.391436278820037842e-02
3.844231963157653809e-01
2.645524740219116211e-01
4.911386072635650635e-01
2.715500295162200928e-01
4.465095326304435730e-02
-1.321234405040740967e-01
-5.428488552570343018e-02
3.022363185882568359e-01
2.314250469207763672e-01
-9.141586720943450928e-03
-9.157866984605789185e-02
-1.299185901880264282e-01
-3.248175680637359619e-01
1.028482988476753235e-01
5.270823240280151367e-01
-3.210148960351943970e-02
-1.709252148866653442e-01
2.387418001890182495e-01
-4.637871682643890381e-02
-7.690358906984329224e-02
5.667477101087570190e-02
3.214124217629432678e-02
1.936343461275100708e-01
1.509621739387512207e-03
-1.914243102073669434e-01
3.838818371295928955e-01
-2.060085386037826538e-01
1.401347070932388306e-01
-1.515597105026245117e-01
5.165001004934310913e-02
-2.247332036495208740e-01
-8.288762569427490234e-01
-2.243189066648483276e-01
2.711387872695922852e-01
5.044395923614501953e-01
-6.668250560760498047e-01
-3.979446291923522949e-01
-1.166986525058746338e-01
-1.387962251901626587e-01
7.660986185073852539e-01
-2.165820449590682983e-01
-4.454623758792877197e-01
-2.471821606159210205e-01
-3.157238364219665527e-01
-4.259555339813232422e-01
-2.572495341300964355e-01
4.835799932479858398e-01
3.762726783752441406e-01
-2.220942080020904541e-02
-3.361975550651550293e-01
1.145895719528198242e-01
4.209492355585098267e-03
-4.968706369400024414e-01
7.580167055130004883e-02
5.492097735404968262e-01
-9.238762408494949341e-02
3.403598368167877197e-01
-4.369934797286987305e-01
-4.782955646514892578e-01
-2.160534560680389404e-01
2.138129249215126038e-02
1.725673079490661621e-01
-7.186087965965270996e-02
-1.655710041522979736e-01
1.745039522647857666e-01
-9.288789331912994385e-02
4.135460853576660156e-01
9.054846316576004028e-02
-4.514456391334533691e-01
-1.551865786314010620e-01
1.330204963684082031e+00
1.957776024937629700e-02
8.959737420082092285e-01
2.597889900207519531e-01
-4.242273569107055664e-01
-1.217688098549842834e-01
-4.075884819030761719e-01
1.898086071014404297e-01
3.726145923137664795e-01
1.493973582983016968e-01
-4.714292883872985840e-01
-4.678718149662017822e-01
5.779362916946411133e-01
5.522208213806152344e-01
-1.652809679508209229e-01
-4.017406404018402100e-01
2.130995392799377441e-01
3.801754117012023926e-01
8.759283274412155151e-02
1.334898471832275391e-01
-6.268054246902465820e-02
7.901450991630554199e-02
1.195872426033020020e-01
-1.224752739071846008e-01
1.260090768337249756e-01
5.530707240104675293e-01
-5.630689859390258789e-01
2.770944833755493164e-01
-2.013846933841705322e-01
2.854187488555908203e-01
1.657835602760314941e+00
1.850983053445816040e-01
-4.123438149690628052e-03
-2.822279632091522217e-01
2.420170754194259644e-01
1.991269737482070923e-01
-5.631103515625000000e-01
-1.997476220130920410e-01
2.807510793209075928e-01
1.846284866333007812e-01
-9.290521591901779175e-02
2.763980627059936523e-01
2.647694945335388184e-01
2.472536563873291016e-01
-2.289882600307464600e-01
-3.185189664363861084e-01
-2.976197600364685059e-01
2.276149392127990723e-01
4.204923287034034729e-02
-6.383188068866729736e-02
-3.201145231723785400e-01
9.643526375293731689e-02
-1.531201452016830444e-01
-2.148282825946807861e-01
1.882929205894470215e-01
1.993284225463867188e-01
-1.941126585006713867e-02
8.640763163566589355e-02
-1.580606997013092041e-01
5.553674101829528809e-01
2.507805228233337402e-01
-4.870567023754119873e-01
2.982608973979949951e-01
-5.034321546554565430e-01
4.652805626392364502e-01
5.053361058235168457e-01
-3.680813312530517578e-02
2.795317173004150391e-01
1.217726990580558777e-01
-2.900565564632415771e-01
-6.749302148818969727e-01
1.815460920333862305e-01
-1.268342882394790649e-01
-4.093765318393707275e-01
-1.397420912981033325e-01
6.837582588195800781e-01
8.294695615768432617e-02
9.633560180664062500e-01
2.933561205863952637e-01
6.941968798637390137e-01
6.006522476673126221e-02
4.138768613338470459e-01
2.906965613365173340e-01
-2.645744085311889648e-01
1.875338107347488403e-01
1.410064101219177246e-02
7.223334312438964844e-01
-1.607566326856613159e-01
-5.225389003753662109e-01
-3.554970771074295044e-02
-1.697138398885726929e-01
-7.182058691978454590e-02
2.371996641159057617e-02
5.190729498863220215e-01
9.994099289178848267e-02
-2.801989614963531494e-01
-8.041788339614868164e-01
2.335090339183807373e-01
9.713971614837646484e-02
-5.563010275363922119e-02
6.919367313385009766e-01
-4.156114161014556885e-01
2.203100472688674927e-01
4.018175005912780762e-01
9.001033008098602295e-02
-3.738610744476318359e-01
4.130698740482330322e-01
-2.433156669139862061e-01
-2.376328855752944946e-01
-4.420693218708038330e-01
9.396326541900634766e-02
3.902729153633117676e-01
1.925723552703857422e-01
-2.568933963775634766e-01
-3.770318031311035156e-01
2.131061553955078125e-01
6.515020132064819336e-01
-4.439958930015563965e-01
2.261316478252410889e-01
6.040554642677307129e-01
-3.165966272354125977e-02
-5.766916275024414062e-01
6.353382021188735962e-02
-3.785049617290496826e-01
3.084438294172286987e-02
2.165054976940155029e-01
-8.022984862327575684e-02
2.728839516639709473e-01
-4.040073156356811523e-01
1.813628077507019043e-01
-1.513046026229858398e-01
3.378591537475585938e-01
5.167244672775268555e-01
-5.312753319740295410e-01
-4.386270940303802490e-01
2.684297859668731689e-01
3.069247007369995117e-01
-6.737251877784729004e-01
1.548560261726379395e-01
1.548785716295242310e-02
1.049810647964477539e-01
3.105710744857788086e-01
-1.760132461786270142e-01
1.245921373367309570e+00
1.025946736335754395e-01
2.892218232154846191e-01
4.465045630931854248e-01
5.092956125736236572e-02
2.053534537553787231e-01
-1.158655583858489990e-01
-1.062154322862625122e-01
3.267639577388763428e-01
-1.070022359490394592e-01
8.801070600748062134e-02
1.152279078960418701e-01
5.697364360094070435e-02
9.637533128261566162e-02
-7.406023144721984863e-01
1.883737742900848389e-01
2.548839449882507324e-01
-2.260372638702392578e-01
-1.157761514186859131e-01
-7.097933888435363770e-01
-1.269422471523284912e-02
-3.068468570709228516e-01
3.874443471431732178e-02
8.194825649261474609e-01
2.993078231811523438e-01
7.132160067558288574e-01
-2.293142974376678467e-01
-2.068729847669601440e-01
-2.149415612220764160e-01
-2.485327869653701782e-01
1.183983981609344482e-01
-2.131657898426055908e-01
-4.286894202232360840e-01
2.006299197673797607e-01
-3.876795768737792969e-01
-4.588704705238342285e-01
-1.465678215026855469e-04
-2.410194277763366699e-02
-7.024723291397094727e-02
3.388780355453491211e-01
-3.530232906341552734e-01
-2.107614576816558838e-01
-1.477204263210296631e-01
-9.749630838632583618e-02
-1.087682321667671204e-01
3.554989099502563477e-01
9.485681354999542236e-02
-2.954083681106567383e-01
-2.254310846328735352e-01
2.868016958236694336e-01
-1.960729956626892090e-01
2.072191536426544189e-01
-3.024494647979736328e+00
1.107956469058990479e-02
-5.032238364219665527e-01
1.669798493385314941e-01
2.339458912611007690e-01
4.058275520801544189e-01
-2.303603887557983398e-01
1.945654898881912231e-01
-3.699110746383666992e-01
4.455812275409698486e-01
1.767327785491943359e-01
8.157359063625335693e-02
7.911407947540283203e-02
3.691882491111755371e-01
2.375823557376861572e-01
-4.028488099575042725e-01
-1.267364770174026489e-01
3.887206315994262695e-01
-2.434263676404953003e-01
-6.282237172126770020e-02
-2.642190754413604736e-01
3.069499135017395020e-02
-6.335680186748504639e-02
-2.221452891826629639e-01
-4.061221182346343994e-01
6.812845468521118164e-01
-4.103936553001403809e-01
-4.482952356338500977e-01
5.256906896829605103e-02
1.847332417964935303e-01
-2.641363739967346191e-01
-2.146469950675964355e-01
-2.322019338607788086e-01
-9.087633341550827026e-02
2.033228278160095215e-01
-3.351821303367614746e-01
-7.761318981647491455e-02
1.556597799062728882e-01
-3.851754963397979736e-02
-1.415312290191650391e-01
9.206399321556091309e-03
-8.631312847137451172e-02
-1.823597848415374756e-01
1.508174538612365723e-01
8.287107944488525391e-02
-5.139647722244262695e-01
-1.650764346122741699e-01
4.586173593997955322e-02
-1.587608754634857178e-01
-2.440402060747146606e-01
1.636798977851867676e-01
2.777230739593505859e-01
-2.764328122138977051e-01
-1.128869056701660156e-01
-3.935962915420532227e-01
4.693465828895568848e-01
-8.221565186977386475e-02
-2.607138454914093018e-02
-3.759666383266448975e-01
1.036780625581741333e-01
5.910682082176208496e-01
-2.762793302536010742e-01
4.376368969678878784e-02
-4.484301209449768066e-01
2.794817090034484863e-01
-6.271979808807373047e-01
-9.544318914413452148e-02
-5.373590588569641113e-01
-5.766681432723999023e-01
-4.778259433805942535e-03
2.971993386745452881e-01
3.858558833599090576e-03
1.280473917722702026e-01
1.287232935428619385e-01
-5.007182359695434570e-01
2.445158809423446655e-01
7.204040884971618652e-03
1.539120376110076904e-01
-1.754144728183746338e-01
-9.949685633182525635e-02
-1.297332793474197388e-01
-2.051065266132354736e-01
2.201679944992065430e-01
1.390334814786911011e-01
